NODES: 1927
MATERIALS: 1
THICKNESSES: 1
ELEMENTS_T3: 0
ELEMENTS_T6: 0
ELEMENTS_T10: 366                 
FORCES: 1
PRESSURES: 0
DISPLACEMENTS: 3

NODE X Y
1 -5.00000000 -0.10000000
2 -4.89010989 -0.10000000
3 -4.78021978 -0.10000000
4 -4.67032967 -0.10000000
5 -4.56043956 -0.10000000
6 -4.45054945 -0.10000000
7 -4.34065934 -0.10000000
8 -4.23076923 -0.10000000
9 -4.12087912 -0.10000000
10 -4.01098901 -0.10000000
11 -3.90109890 -0.10000000
12 -3.79120879 -0.10000000
13 -3.68131868 -0.10000000
14 -3.57142857 -0.10000000
15 -3.46153846 -0.10000000
16 -3.35164835 -0.10000000
17 -3.24175824 -0.10000000
18 -3.13186813 -0.10000000
19 -3.02197802 -0.10000000
20 -2.91208791 -0.10000000
21 -2.80219780 -0.10000000
22 -2.69230769 -0.10000000
23 -2.58241758 -0.10000000
24 -2.47252747 -0.10000000
25 -2.36263736 -0.10000000
26 -2.25274725 -0.10000000
27 -2.14285714 -0.10000000
28 -2.03296703 -0.10000000
29 -1.92307692 -0.10000000
30 -1.81318681 -0.10000000
31 -1.70329670 -0.10000000
32 -1.59340659 -0.10000000
33 -1.48351648 -0.10000000
34 -1.37362637 -0.10000000
35 -1.26373626 -0.10000000
36 -1.15384615 -0.10000000
37 -1.04395604 -0.10000000
38 -0.93406593 -0.10000000
39 -0.82417582 -0.10000000
40 -0.71428571 -0.10000000
41 -0.60439560 -0.10000000
42 -0.49450549 -0.10000000
43 -0.38461538 -0.10000000
44 -0.27472527 -0.10000000
45 -0.16483516 -0.10000000
46 -0.05494505 -0.10000000
47 0.05494505 -0.10000000
48 0.16483516 -0.10000000
49 0.27472527 -0.10000000
50 0.38461538 -0.10000000
51 0.49450549 -0.10000000
52 0.60439560 -0.10000000
53 0.71428571 -0.10000000
54 0.82417582 -0.10000000
55 0.93406593 -0.10000000
56 1.04395604 -0.10000000
57 1.15384615 -0.10000000
58 1.26373626 -0.10000000
59 1.37362637 -0.10000000
60 1.48351648 -0.10000000
61 1.59340659 -0.10000000
62 1.70329670 -0.10000000
63 1.81318681 -0.10000000
64 1.92307692 -0.10000000
65 2.03296703 -0.10000000
66 2.14285714 -0.10000000
67 2.25274725 -0.10000000
68 2.36263736 -0.10000000
69 2.47252747 -0.10000000
70 2.58241758 -0.10000000
71 2.69230769 -0.10000000
72 2.80219780 -0.10000000
73 2.91208791 -0.10000000
74 3.02197802 -0.10000000
75 3.13186813 -0.10000000
76 3.24175824 -0.10000000
77 3.35164835 -0.10000000
78 3.46153846 -0.10000000
79 3.57142857 -0.10000000
80 3.68131868 -0.10000000
81 3.79120879 -0.10000000
82 3.90109890 -0.10000000
83 4.01098901 -0.10000000
84 4.12087912 -0.10000000
85 4.23076923 -0.10000000
86 4.34065934 -0.10000000
87 4.45054945 -0.10000000
88 4.56043956 -0.10000000
89 4.67032967 -0.10000000
90 4.78021978 -0.10000000
91 4.89010989 -0.10000000
92 5.00000000 -0.10000000
93 5.00000000 0.00000000
94 5.00000000 0.10000000
95 4.89010989 0.10000000
96 4.78021978 0.10000000
97 4.67032967 0.10000000
98 4.56043956 0.10000000
99 4.45054945 0.10000000
100 4.34065934 0.10000000
101 4.23076923 0.10000000
102 4.12087912 0.10000000
103 4.01098901 0.10000000
104 3.90109890 0.10000000
105 3.79120879 0.10000000
106 3.68131868 0.10000000
107 3.57142857 0.10000000
108 3.46153846 0.10000000
109 3.35164835 0.10000000
110 3.24175824 0.10000000
111 3.13186813 0.10000000
112 3.02197802 0.10000000
113 2.91208791 0.10000000
114 2.80219780 0.10000000
115 2.69230769 0.10000000
116 2.58241758 0.10000000
117 2.47252747 0.10000000
118 2.36263736 0.10000000
119 2.25274725 0.10000000
120 2.14285714 0.10000000
121 2.03296703 0.10000000
122 1.92307692 0.10000000
123 1.81318681 0.10000000
124 1.70329670 0.10000000
125 1.59340659 0.10000000
126 1.48351648 0.10000000
127 1.37362637 0.10000000
128 1.26373626 0.10000000
129 1.15384615 0.10000000
130 1.04395604 0.10000000
131 0.93406593 0.10000000
132 0.82417582 0.10000000
133 0.71428571 0.10000000
134 0.60439560 0.10000000
135 0.49450549 0.10000000
136 0.38461538 0.10000000
137 0.27472527 0.10000000
138 0.16483516 0.10000000
139 0.05494505 0.10000000
140 -0.05494505 0.10000000
141 -0.16483516 0.10000000
142 -0.27472527 0.10000000
143 -0.38461538 0.10000000
144 -0.49450549 0.10000000
145 -0.60439560 0.10000000
146 -0.71428571 0.10000000
147 -0.82417582 0.10000000
148 -0.93406593 0.10000000
149 -1.04395604 0.10000000
150 -1.15384615 0.10000000
151 -1.26373626 0.10000000
152 -1.37362637 0.10000000
153 -1.48351648 0.10000000
154 -1.59340659 0.10000000
155 -1.70329670 0.10000000
156 -1.81318681 0.10000000
157 -1.92307692 0.10000000
158 -2.03296703 0.10000000
159 -2.14285714 0.10000000
160 -2.25274725 0.10000000
161 -2.36263736 0.10000000
162 -2.47252747 0.10000000
163 -2.58241758 0.10000000
164 -2.69230769 0.10000000
165 -2.80219780 0.10000000
166 -2.91208791 0.10000000
167 -3.02197802 0.10000000
168 -3.13186813 0.10000000
169 -3.24175824 0.10000000
170 -3.35164835 0.10000000
171 -3.46153846 0.10000000
172 -3.57142857 0.10000000
173 -3.68131868 0.10000000
174 -3.79120879 0.10000000
175 -3.90109890 0.10000000
176 -4.01098901 0.10000000
177 -4.12087912 0.10000000
178 -4.23076923 0.10000000
179 -4.34065934 0.10000000
180 -4.45054945 0.10000000
181 -4.56043956 0.10000000
182 -4.67032967 0.10000000
183 -4.78021978 0.10000000
184 -4.89010989 0.10000000
185 -5.00000000 0.10000000
186 -5.00000000 0.00000000
187 -4.72527473 -0.00000000
188 -4.39560440 -0.00000000
189 -4.06593407 -0.00000000
190 -3.73626374 -0.00000000
191 -3.40659341 -0.00000000
192 -3.18681319 -0.00000000
193 -2.85714286 -0.00000000
194 -2.63736264 -0.00000000
195 -2.30769231 -0.00000000
196 -1.97802198 -0.00000000
197 -1.64835165 -0.00000000
198 -1.31868132 -0.00000000
199 -0.98901099 -0.00000000
200 -0.65934066 -0.00000000
201 -0.32967033 -0.00000000
202 -0.10989011 -0.00000000
203 0.10989011 -0.00000000
204 0.32967033 -0.00000000
205 0.65934066 -0.00000000
206 0.98901099 -0.00000000
207 1.31868132 -0.00000000
208 1.64835165 -0.00000000
209 1.97802198 -0.00000000
210 2.30769231 0.00000000
211 2.63736264 -0.00000000
212 2.85714286 -0.00000000
213 3.18681319 -0.00000000
214 3.51648352 -0.00000000
215 3.84615385 0.00000000
216 4.17582418 -0.00000000
217 4.50549451 0.00000000
218 4.83516484 0.00000000
219 -4.61538462 -0.00471561
220 -4.83516484 0.00471561
221 -4.28571429 -0.00471561
222 -4.50549451 0.00471561
223 -3.95604396 -0.00471561
224 -4.17582418 0.00471561
225 -3.62637363 -0.00471561
226 -3.84615385 0.00471561
227 -3.29670330 0.00471561
228 -3.51648352 0.00471561
229 -3.07692308 -0.00471561
230 -2.74725275 -0.00471561
231 -2.96703297 0.00471561
232 -2.52747253 -0.00471561
233 -2.19780220 -0.00471561
234 -2.41758242 0.00471561
235 -1.86813187 -0.00471561
236 -2.08791209 0.00471561
237 -1.53846154 -0.00471561
238 -1.75824176 0.00471561
239 -1.20879121 -0.00471561
240 -1.42857143 0.00471561
241 -0.87912088 -0.00471561
242 -1.09890110 0.00471561
243 -0.54945055 -0.00471561
244 -0.76923077 0.00471561
245 -0.21978022 0.00471561
246 -0.43956044 0.00471561
247 0.00000000 -0.00471561
248 0.21978022 -0.00471561
249 0.43956044 -0.00471561
250 0.76923077 -0.00471561
251 0.54945055 0.00471561
252 1.09890110 -0.00471561
253 0.87912088 0.00471561
254 1.42857143 -0.00471561
255 1.20879121 0.00471561
256 1.75824176 -0.00471561
257 1.53846154 0.00471561
258 2.08791209 -0.00471561
259 1.86813187 0.00471561
260 2.41758242 -0.00471561
261 2.19780220 0.00471561
262 2.74725275 -0.00471561
263 2.52747253 0.00471561
264 2.96703297 -0.00471561
265 3.29670330 -0.00471561
266 3.07692308 0.00471561
267 3.62637363 -0.00471561
268 3.40659341 0.00471561
269 3.95604396 -0.00471561
270 3.73626374 0.00471561
271 4.28571429 -0.00471561
272 4.06593407 0.00471561
273 4.61538462 -0.00471561
274 4.39560440 0.00471561
275 4.91758242 -0.01981041
276 4.72527473 0.00471561
277 -4.91809791 0.02037688
278 -4.96336996 -0.10000000
279 -4.92673993 -0.10000000
280 -5.00000000 -0.06666667
281 -5.00000000 -0.03333333
282 -4.85347985 -0.10000000
283 -4.81684982 -0.10000000
284 -4.92673993 -0.06666667
285 -4.96336996 -0.03333333
286 -4.87179487 -0.06509480
287 -4.85347985 -0.03018959
288 -4.89943923 -0.05987437
289 -4.90876857 -0.01974874
290 -4.74358974 -0.10000000
291 -4.70695971 -0.10000000
292 -4.76190476 -0.06666667
293 -4.74358974 -0.03333333
294 -4.79853480 -0.06509480
295 -4.81684982 -0.03018959
296 -4.63369963 -0.10000000
297 -4.59706960 -0.10000000
298 -4.68864469 -0.06666667
299 -4.70695971 -0.03333333
300 -4.65201465 -0.06823854
301 -4.63369963 -0.03647708
302 -4.52380952 -0.10000000
303 -4.48717949 -0.10000000
304 -4.57875458 -0.06823854
305 -4.59706960 -0.03647708
306 -4.54212454 -0.06509480
307 -4.52380952 -0.03018959
308 -4.41391941 -0.10000000
309 -4.37728938 -0.10000000
310 -4.43223443 -0.06666667
311 -4.41391941 -0.03333333
312 -4.46886447 -0.06509480
313 -4.48717949 -0.03018959
314 -4.30402930 -0.10000000
315 -4.26739927 -0.10000000
316 -4.35897436 -0.06666667
317 -4.37728938 -0.03333333
318 -4.32234432 -0.06823854
319 -4.30402930 -0.03647708
320 -4.19413919 -0.10000000
321 -4.15750916 -0.10000000
322 -4.24908425 -0.06823854
323 -4.26739927 -0.03647708
324 -4.21245421 -0.06509480
325 -4.19413919 -0.03018959
326 -4.08424908 -0.10000000
327 -4.04761905 -0.10000000
328 -4.10256410 -0.06666667
329 -4.08424908 -0.03333333
330 -4.13919414 -0.06509480
331 -4.15750916 -0.03018959
332 -3.97435897 -0.10000000
333 -3.93772894 -0.10000000
334 -4.02930403 -0.06666667
335 -4.04761905 -0.03333333
336 -3.99267399 -0.06823854
337 -3.97435897 -0.03647708
338 -3.86446886 -0.10000000
339 -3.82783883 -0.10000000
340 -3.91941392 -0.06823854
341 -3.93772894 -0.03647708
342 -3.88278388 -0.06509480
343 -3.86446886 -0.03018959
344 -3.75457875 -0.10000000
345 -3.71794872 -0.10000000
346 -3.77289377 -0.06666667
347 -3.75457875 -0.03333333
348 -3.80952381 -0.06509480
349 -3.82783883 -0.03018959
350 -3.64468864 -0.10000000
351 -3.60805861 -0.10000000
352 -3.69963370 -0.06666667
353 -3.71794872 -0.03333333
354 -3.66300366 -0.06823854
355 -3.64468864 -0.03647708
356 -3.53479853 -0.10000000
357 -3.49816850 -0.10000000
358 -3.58974359 -0.06823854
359 -3.60805861 -0.03647708
360 -3.55311355 -0.06509480
361 -3.53479853 -0.03018959
362 -3.42490842 -0.10000000
363 -3.38827839 -0.10000000
364 -3.44322344 -0.06666667
365 -3.42490842 -0.03333333
366 -3.47985348 -0.06509480
367 -3.49816850 -0.03018959
368 -3.31501832 -0.10000000
369 -3.27838828 -0.10000000
370 -3.36996337 -0.06666667
371 -3.38827839 -0.03333333
372 -3.33333333 -0.06509480
373 -3.31501832 -0.03018959
374 -3.20512821 -0.10000000
375 -3.16849817 -0.10000000
376 -3.22344322 -0.06666667
377 -3.20512821 -0.03333333
378 -3.26007326 -0.06509480
379 -3.27838828 -0.03018959
380 -3.09523810 -0.10000000
381 -3.05860806 -0.10000000
382 -3.15018315 -0.06666667
383 -3.16849817 -0.03333333
384 -3.11355311 -0.06823854
385 -3.09523810 -0.03647708
386 -2.98534799 -0.10000000
387 -2.94871795 -0.10000000
388 -3.04029304 -0.06823854
389 -3.05860806 -0.03647708
390 -3.00366300 -0.06509480
391 -2.98534799 -0.03018959
392 -2.87545788 -0.10000000
393 -2.83882784 -0.10000000
394 -2.89377289 -0.06666667
395 -2.87545788 -0.03333333
396 -2.93040293 -0.06509480
397 -2.94871795 -0.03018959
398 -2.76556777 -0.10000000
399 -2.72893773 -0.10000000
400 -2.82051282 -0.06666667
401 -2.83882784 -0.03333333
402 -2.78388278 -0.06823854
403 -2.76556777 -0.03647708
404 -2.65567766 -0.10000000
405 -2.61904762 -0.10000000
406 -2.67399267 -0.06666667
407 -2.65567766 -0.03333333
408 -2.71062271 -0.06823854
409 -2.72893773 -0.03647708
410 -2.54578755 -0.10000000
411 -2.50915751 -0.10000000
412 -2.60073260 -0.06666667
413 -2.61904762 -0.03333333
414 -2.56410256 -0.06823854
415 -2.54578755 -0.03647708
416 -2.43589744 -0.10000000
417 -2.39926740 -0.10000000
418 -2.49084249 -0.06823854
419 -2.50915751 -0.03647708
420 -2.45421245 -0.06509480
421 -2.43589744 -0.03018959
422 -2.32600733 -0.10000000
423 -2.28937729 -0.10000000
424 -2.34432234 -0.06666667
425 -2.32600733 -0.03333333
426 -2.38095238 -0.06509480
427 -2.39926740 -0.03018959
428 -2.21611722 -0.10000000
429 -2.17948718 -0.10000000
430 -2.27106227 -0.06666667
431 -2.28937729 -0.03333333
432 -2.23443223 -0.06823854
433 -2.21611722 -0.03647708
434 -2.10622711 -0.10000000
435 -2.06959707 -0.10000000
436 -2.16117216 -0.06823854
437 -2.17948718 -0.03647708
438 -2.12454212 -0.06509480
439 -2.10622711 -0.03018959
440 -1.99633700 -0.10000000
441 -1.95970696 -0.10000000
442 -2.01465201 -0.06666667
443 -1.99633700 -0.03333333
444 -2.05128205 -0.06509480
445 -2.06959707 -0.03018959
446 -1.88644689 -0.10000000
447 -1.84981685 -0.10000000
448 -1.94139194 -0.06666667
449 -1.95970696 -0.03333333
450 -1.90476190 -0.06823854
451 -1.88644689 -0.03647708
452 -1.77655678 -0.10000000
453 -1.73992674 -0.10000000
454 -1.83150183 -0.06823854
455 -1.84981685 -0.03647708
456 -1.79487179 -0.06509480
457 -1.77655678 -0.03018959
458 -1.66666667 -0.10000000
459 -1.63003663 -0.10000000
460 -1.68498168 -0.06666667
461 -1.66666667 -0.03333333
462 -1.72161172 -0.06509480
463 -1.73992674 -0.03018959
464 -1.55677656 -0.10000000
465 -1.52014652 -0.10000000
466 -1.61172161 -0.06666667
467 -1.63003663 -0.03333333
468 -1.57509158 -0.06823854
469 -1.55677656 -0.03647708
470 -1.44688645 -0.10000000
471 -1.41025641 -0.10000000
472 -1.50183150 -0.06823854
473 -1.52014652 -0.03647708
474 -1.46520147 -0.06509480
475 -1.44688645 -0.03018959
476 -1.33699634 -0.10000000
477 -1.30036630 -0.10000000
478 -1.35531136 -0.06666667
479 -1.33699634 -0.03333333
480 -1.39194139 -0.06509480
481 -1.41025641 -0.03018959
482 -1.22710623 -0.10000000
483 -1.19047619 -0.10000000
484 -1.28205128 -0.06666667
485 -1.30036630 -0.03333333
486 -1.24542125 -0.06823854
487 -1.22710623 -0.03647708
488 -1.11721612 -0.10000000
489 -1.08058608 -0.10000000
490 -1.17216117 -0.06823854
491 -1.19047619 -0.03647708
492 -1.13553114 -0.06509480
493 -1.11721612 -0.03018959
494 -1.00732601 -0.10000000
495 -0.97069597 -0.10000000
496 -1.02564103 -0.06666667
497 -1.00732601 -0.03333333
498 -1.06227106 -0.06509480
499 -1.08058608 -0.03018959
500 -0.89743590 -0.10000000
501 -0.86080586 -0.10000000
502 -0.95238095 -0.06666667
503 -0.97069597 -0.03333333
504 -0.91575092 -0.06823854
505 -0.89743590 -0.03647708
506 -0.78754579 -0.10000000
507 -0.75091575 -0.10000000
508 -0.84249084 -0.06823854
509 -0.86080586 -0.03647708
510 -0.80586081 -0.06509480
511 -0.78754579 -0.03018959
512 -0.67765568 -0.10000000
513 -0.64102564 -0.10000000
514 -0.69597070 -0.06666667
515 -0.67765568 -0.03333333
516 -0.73260073 -0.06509480
517 -0.75091575 -0.03018959
518 -0.56776557 -0.10000000
519 -0.53113553 -0.10000000
520 -0.62271062 -0.06666667
521 -0.64102564 -0.03333333
522 -0.58608059 -0.06823854
523 -0.56776557 -0.03647708
524 -0.45787546 -0.10000000
525 -0.42124542 -0.10000000
526 -0.51282051 -0.06823854
527 -0.53113553 -0.03647708
528 -0.47619048 -0.06509480
529 -0.45787546 -0.03018959
530 -0.34798535 -0.10000000
531 -0.31135531 -0.10000000
532 -0.36630037 -0.06666667
533 -0.34798535 -0.03333333
534 -0.40293040 -0.06509480
535 -0.42124542 -0.03018959
536 -0.23809524 -0.10000000
537 -0.20146520 -0.10000000
538 -0.29304029 -0.06666667
539 -0.31135531 -0.03333333
540 -0.25641026 -0.06509480
541 -0.23809524 -0.03018959
542 -0.12820513 -0.10000000
543 -0.09157509 -0.10000000
544 -0.14652015 -0.06666667
545 -0.12820513 -0.03333333
546 -0.18315018 -0.06509480
547 -0.20146520 -0.03018959
548 -0.01831502 -0.10000000
549 0.01831502 -0.10000000
550 -0.07326007 -0.06666667
551 -0.09157509 -0.03333333
552 -0.03663004 -0.06823854
553 -0.01831502 -0.03647708
554 0.09157509 -0.10000000
555 0.12820513 -0.10000000
556 0.07326007 -0.06666667
557 0.09157509 -0.03333333
558 0.03663004 -0.06823854
559 0.01831502 -0.03647708
560 0.20146520 -0.10000000
561 0.23809524 -0.10000000
562 0.14652015 -0.06666667
563 0.12820513 -0.03333333
564 0.18315018 -0.06823854
565 0.20146520 -0.03647708
566 0.31135531 -0.10000000
567 0.34798535 -0.10000000
568 0.29304029 -0.06666667
569 0.31135531 -0.03333333
570 0.25641026 -0.06823854
571 0.23809524 -0.03647708
572 0.42124542 -0.10000000
573 0.45787546 -0.10000000
574 0.36630037 -0.06666667
575 0.34798535 -0.03333333
576 0.40293040 -0.06823854
577 0.42124542 -0.03647708
578 0.53113553 -0.10000000
579 0.56776557 -0.10000000
580 0.47619048 -0.06823854
581 0.45787546 -0.03647708
582 0.51282051 -0.06509480
583 0.53113553 -0.03018959
584 0.64102564 -0.10000000
585 0.67765568 -0.10000000
586 0.62271062 -0.06666667
587 0.64102564 -0.03333333
588 0.58608059 -0.06509480
589 0.56776557 -0.03018959
590 0.75091575 -0.10000000
591 0.78754579 -0.10000000
592 0.69597070 -0.06666667
593 0.67765568 -0.03333333
594 0.73260073 -0.06823854
595 0.75091575 -0.03647708
596 0.86080586 -0.10000000
597 0.89743590 -0.10000000
598 0.80586081 -0.06823854
599 0.78754579 -0.03647708
600 0.84249084 -0.06509480
601 0.86080586 -0.03018959
602 0.97069597 -0.10000000
603 1.00732601 -0.10000000
604 0.95238095 -0.06666667
605 0.97069597 -0.03333333
606 0.91575092 -0.06509480
607 0.89743590 -0.03018959
608 1.08058608 -0.10000000
609 1.11721612 -0.10000000
610 1.02564103 -0.06666667
611 1.00732601 -0.03333333
612 1.06227106 -0.06823854
613 1.08058608 -0.03647708
614 1.19047619 -0.10000000
615 1.22710623 -0.10000000
616 1.13553114 -0.06823854
617 1.11721612 -0.03647708
618 1.17216117 -0.06509480
619 1.19047619 -0.03018959
620 1.30036630 -0.10000000
621 1.33699634 -0.10000000
622 1.28205128 -0.06666667
623 1.30036630 -0.03333333
624 1.24542125 -0.06509480
625 1.22710623 -0.03018959
626 1.41025641 -0.10000000
627 1.44688645 -0.10000000
628 1.35531136 -0.06666667
629 1.33699634 -0.03333333
630 1.39194139 -0.06823854
631 1.41025641 -0.03647708
632 1.52014652 -0.10000000
633 1.55677656 -0.10000000
634 1.46520147 -0.06823854
635 1.44688645 -0.03647708
636 1.50183150 -0.06509480
637 1.52014652 -0.03018959
638 1.63003663 -0.10000000
639 1.66666667 -0.10000000
640 1.61172161 -0.06666667
641 1.63003663 -0.03333333
642 1.57509158 -0.06509480
643 1.55677656 -0.03018959
644 1.73992674 -0.10000000
645 1.77655678 -0.10000000
646 1.68498168 -0.06666667
647 1.66666667 -0.03333333
648 1.72161172 -0.06823854
649 1.73992674 -0.03647708
650 1.84981685 -0.10000000
651 1.88644689 -0.10000000
652 1.79487179 -0.06823854
653 1.77655678 -0.03647708
654 1.83150183 -0.06509480
655 1.84981685 -0.03018959
656 1.95970696 -0.10000000
657 1.99633700 -0.10000000
658 1.94139194 -0.06666667
659 1.95970696 -0.03333333
660 1.90476190 -0.06509480
661 1.88644689 -0.03018959
662 2.06959707 -0.10000000
663 2.10622711 -0.10000000
664 2.01465201 -0.06666667
665 1.99633700 -0.03333333
666 2.05128205 -0.06823854
667 2.06959707 -0.03647708
668 2.17948718 -0.10000000
669 2.21611722 -0.10000000
670 2.12454212 -0.06823854
671 2.10622711 -0.03647708
672 2.16117216 -0.06509480
673 2.17948718 -0.03018959
674 2.28937729 -0.10000000
675 2.32600733 -0.10000000
676 2.27106227 -0.06666667
677 2.28937729 -0.03333333
678 2.23443223 -0.06509480
679 2.21611722 -0.03018959
680 2.39926740 -0.10000000
681 2.43589744 -0.10000000
682 2.34432234 -0.06666667
683 2.32600733 -0.03333333
684 2.38095238 -0.06823854
685 2.39926740 -0.03647708
686 2.50915751 -0.10000000
687 2.54578755 -0.10000000
688 2.45421245 -0.06823854
689 2.43589744 -0.03647708
690 2.49084249 -0.06509480
691 2.50915751 -0.03018959
692 2.61904762 -0.10000000
693 2.65567766 -0.10000000
694 2.60073260 -0.06666667
695 2.61904762 -0.03333333
696 2.56410256 -0.06509480
697 2.54578755 -0.03018959
698 2.72893773 -0.10000000
699 2.76556777 -0.10000000
700 2.67399267 -0.06666667
701 2.65567766 -0.03333333
702 2.71062271 -0.06823854
703 2.72893773 -0.03647708
704 2.83882784 -0.10000000
705 2.87545788 -0.10000000
706 2.82051282 -0.06666667
707 2.83882784 -0.03333333
708 2.78388278 -0.06823854
709 2.76556777 -0.03647708
710 2.94871795 -0.10000000
711 2.98534799 -0.10000000
712 2.89377289 -0.06666667
713 2.87545788 -0.03333333
714 2.93040293 -0.06823854
715 2.94871795 -0.03647708
716 3.05860806 -0.10000000
717 3.09523810 -0.10000000
718 3.00366300 -0.06823854
719 2.98534799 -0.03647708
720 3.04029304 -0.06509480
721 3.05860806 -0.03018959
722 3.16849817 -0.10000000
723 3.20512821 -0.10000000
724 3.15018315 -0.06666667
725 3.16849817 -0.03333333
726 3.11355311 -0.06509480
727 3.09523810 -0.03018959
728 3.27838828 -0.10000000
729 3.31501832 -0.10000000
730 3.22344322 -0.06666667
731 3.20512821 -0.03333333
732 3.26007326 -0.06823854
733 3.27838828 -0.03647708
734 3.38827839 -0.10000000
735 3.42490842 -0.10000000
736 3.33333333 -0.06823854
737 3.31501832 -0.03647708
738 3.36996337 -0.06509480
739 3.38827839 -0.03018959
740 3.49816850 -0.10000000
741 3.53479853 -0.10000000
742 3.47985348 -0.06666667
743 3.49816850 -0.03333333
744 3.44322344 -0.06509480
745 3.42490842 -0.03018959
746 3.60805861 -0.10000000
747 3.64468864 -0.10000000
748 3.55311355 -0.06666667
749 3.53479853 -0.03333333
750 3.58974359 -0.06823854
751 3.60805861 -0.03647708
752 3.71794872 -0.10000000
753 3.75457875 -0.10000000
754 3.66300366 -0.06823854
755 3.64468864 -0.03647708
756 3.69963370 -0.06509480
757 3.71794872 -0.03018959
758 3.82783883 -0.10000000
759 3.86446886 -0.10000000
760 3.80952381 -0.06666667
761 3.82783883 -0.03333333
762 3.77289377 -0.06509480
763 3.75457875 -0.03018959
764 3.93772894 -0.10000000
765 3.97435897 -0.10000000
766 3.88278388 -0.06666667
767 3.86446886 -0.03333333
768 3.91941392 -0.06823854
769 3.93772894 -0.03647708
770 4.04761905 -0.10000000
771 4.08424908 -0.10000000
772 3.99267399 -0.06823854
773 3.97435897 -0.03647708
774 4.02930403 -0.06509480
775 4.04761905 -0.03018959
776 4.15750916 -0.10000000
777 4.19413919 -0.10000000
778 4.13919414 -0.06666667
779 4.15750916 -0.03333333
780 4.10256410 -0.06509480
781 4.08424908 -0.03018959
782 4.26739927 -0.10000000
783 4.30402930 -0.10000000
784 4.21245421 -0.06666667
785 4.19413919 -0.03333333
786 4.24908425 -0.06823854
787 4.26739927 -0.03647708
788 4.37728938 -0.10000000
789 4.41391941 -0.10000000
790 4.32234432 -0.06823854
791 4.30402930 -0.03647708
792 4.35897436 -0.06509480
793 4.37728938 -0.03018959
794 4.48717949 -0.10000000
795 4.52380952 -0.10000000
796 4.46886447 -0.06666667
797 4.48717949 -0.03333333
798 4.43223443 -0.06509480
799 4.41391941 -0.03018959
800 4.59706960 -0.10000000
801 4.63369963 -0.10000000
802 4.54212454 -0.06666667
803 4.52380952 -0.03333333
804 4.57875458 -0.06823854
805 4.59706960 -0.03647708
806 4.70695971 -0.10000000
807 4.74358974 -0.10000000
808 4.65201465 -0.06823854
809 4.63369963 -0.03647708
810 4.68864469 -0.06509480
811 4.70695971 -0.03018959
812 4.81684982 -0.10000000
813 4.85347985 -0.10000000
814 4.79853480 -0.06666667
815 4.81684982 -0.03333333
816 4.76190476 -0.06509480
817 4.74358974 -0.03018959
818 4.92673993 -0.10000000
819 4.96336996 -0.10000000
820 4.87179487 -0.06666667
821 4.85347985 -0.03333333
822 4.89926740 -0.07327014
823 4.90842491 -0.04654027
824 5.00000000 -0.06666667
825 5.00000000 -0.03333333
826 4.97252747 -0.07327014
827 4.94505495 -0.04654027
828 5.00000000 0.03333333
829 5.00000000 0.06666667
830 4.96336996 0.03333333
831 4.92673993 0.06666667
832 4.97252747 -0.00660347
833 4.94505495 -0.01320694
834 4.96336996 0.10000000
835 4.92673993 0.10000000
836 4.85347985 0.10000000
837 4.81684982 0.10000000
838 4.87179487 0.06666667
839 4.85347985 0.03333333
840 4.89926740 0.06006320
841 4.90842491 0.02012639
842 4.74358974 0.10000000
843 4.70695971 0.10000000
844 4.79853480 0.06666667
845 4.81684982 0.03333333
846 4.76190476 0.06823854
847 4.74358974 0.03647708
848 4.63369963 0.10000000
849 4.59706960 0.10000000
850 4.65201465 0.06509480
851 4.63369963 0.03018959
852 4.68864469 0.06823854
853 4.70695971 0.03647708
854 4.52380952 0.10000000
855 4.48717949 0.10000000
856 4.54212454 0.06666667
857 4.52380952 0.03333333
858 4.57875458 0.06509480
859 4.59706960 0.03018959
860 4.41391941 0.10000000
861 4.37728938 0.10000000
862 4.46886447 0.06666667
863 4.48717949 0.03333333
864 4.43223443 0.06823854
865 4.41391941 0.03647708
866 4.30402930 0.10000000
867 4.26739927 0.10000000
868 4.32234432 0.06509480
869 4.30402930 0.03018959
870 4.35897436 0.06823854
871 4.37728938 0.03647708
872 4.19413919 0.10000000
873 4.15750916 0.10000000
874 4.21245421 0.06666667
875 4.19413919 0.03333333
876 4.24908425 0.06509480
877 4.26739927 0.03018959
878 4.08424908 0.10000000
879 4.04761905 0.10000000
880 4.13919414 0.06666667
881 4.15750916 0.03333333
882 4.10256410 0.06823854
883 4.08424908 0.03647708
884 3.97435897 0.10000000
885 3.93772894 0.10000000
886 3.99267399 0.06509480
887 3.97435897 0.03018959
888 4.02930403 0.06823854
889 4.04761905 0.03647708
890 3.86446886 0.10000000
891 3.82783883 0.10000000
892 3.88278388 0.06666667
893 3.86446886 0.03333333
894 3.91941392 0.06509480
895 3.93772894 0.03018959
896 3.75457875 0.10000000
897 3.71794872 0.10000000
898 3.80952381 0.06666667
899 3.82783883 0.03333333
900 3.77289377 0.06823854
901 3.75457875 0.03647708
902 3.64468864 0.10000000
903 3.60805861 0.10000000
904 3.66300366 0.06509480
905 3.64468864 0.03018959
906 3.69963370 0.06823854
907 3.71794872 0.03647708
908 3.53479853 0.10000000
909 3.49816850 0.10000000
910 3.55311355 0.06666667
911 3.53479853 0.03333333
912 3.58974359 0.06509480
913 3.60805861 0.03018959
914 3.42490842 0.10000000
915 3.38827839 0.10000000
916 3.47985348 0.06666667
917 3.49816850 0.03333333
918 3.44322344 0.06823854
919 3.42490842 0.03647708
920 3.31501832 0.10000000
921 3.27838828 0.10000000
922 3.33333333 0.06509480
923 3.31501832 0.03018959
924 3.36996337 0.06823854
925 3.38827839 0.03647708
926 3.20512821 0.10000000
927 3.16849817 0.10000000
928 3.22344322 0.06666667
929 3.20512821 0.03333333
930 3.26007326 0.06509480
931 3.27838828 0.03018959
932 3.09523810 0.10000000
933 3.05860806 0.10000000
934 3.15018315 0.06666667
935 3.16849817 0.03333333
936 3.11355311 0.06823854
937 3.09523810 0.03647708
938 2.98534799 0.10000000
939 2.94871795 0.10000000
940 3.00366300 0.06509480
941 2.98534799 0.03018959
942 3.04029304 0.06823854
943 3.05860806 0.03647708
944 2.87545788 0.10000000
945 2.83882784 0.10000000
946 2.89377289 0.06666667
947 2.87545788 0.03333333
948 2.93040293 0.06509480
949 2.94871795 0.03018959
950 2.76556777 0.10000000
951 2.72893773 0.10000000
952 2.82051282 0.06666667
953 2.83882784 0.03333333
954 2.78388278 0.06509480
955 2.76556777 0.03018959
956 2.65567766 0.10000000
957 2.61904762 0.10000000
958 2.67399267 0.06666667
959 2.65567766 0.03333333
960 2.71062271 0.06509480
961 2.72893773 0.03018959
962 2.54578755 0.10000000
963 2.50915751 0.10000000
964 2.60073260 0.06666667
965 2.61904762 0.03333333
966 2.56410256 0.06823854
967 2.54578755 0.03647708
968 2.43589744 0.10000000
969 2.39926740 0.10000000
970 2.45421245 0.06509480
971 2.43589744 0.03018959
972 2.49084249 0.06823854
973 2.50915751 0.03647708
974 2.32600733 0.10000000
975 2.28937729 0.10000000
976 2.34432234 0.06666667
977 2.32600733 0.03333333
978 2.38095238 0.06509480
979 2.39926740 0.03018959
980 2.21611722 0.10000000
981 2.17948718 0.10000000
982 2.27106227 0.06666667
983 2.28937729 0.03333333
984 2.23443223 0.06823854
985 2.21611722 0.03647708
986 2.10622711 0.10000000
987 2.06959707 0.10000000
988 2.12454212 0.06509480
989 2.10622711 0.03018959
990 2.16117216 0.06823854
991 2.17948718 0.03647708
992 1.99633700 0.10000000
993 1.95970696 0.10000000
994 2.01465201 0.06666667
995 1.99633700 0.03333333
996 2.05128205 0.06509480
997 2.06959707 0.03018959
998 1.88644689 0.10000000
999 1.84981685 0.10000000
1000 1.94139194 0.06666667
1001 1.95970696 0.03333333
1002 1.90476190 0.06823854
1003 1.88644689 0.03647708
1004 1.77655678 0.10000000
1005 1.73992674 0.10000000
1006 1.79487179 0.06509480
1007 1.77655678 0.03018959
1008 1.83150183 0.06823854
1009 1.84981685 0.03647708
1010 1.66666667 0.10000000
1011 1.63003663 0.10000000
1012 1.68498168 0.06666667
1013 1.66666667 0.03333333
1014 1.72161172 0.06509480
1015 1.73992674 0.03018959
1016 1.55677656 0.10000000
1017 1.52014652 0.10000000
1018 1.61172161 0.06666667
1019 1.63003663 0.03333333
1020 1.57509158 0.06823854
1021 1.55677656 0.03647708
1022 1.44688645 0.10000000
1023 1.41025641 0.10000000
1024 1.46520147 0.06509480
1025 1.44688645 0.03018959
1026 1.50183150 0.06823854
1027 1.52014652 0.03647708
1028 1.33699634 0.10000000
1029 1.30036630 0.10000000
1030 1.35531136 0.06666667
1031 1.33699634 0.03333333
1032 1.39194139 0.06509480
1033 1.41025641 0.03018959
1034 1.22710623 0.10000000
1035 1.19047619 0.10000000
1036 1.28205128 0.06666667
1037 1.30036630 0.03333333
1038 1.24542125 0.06823854
1039 1.22710623 0.03647708
1040 1.11721612 0.10000000
1041 1.08058608 0.10000000
1042 1.13553114 0.06509480
1043 1.11721612 0.03018959
1044 1.17216117 0.06823854
1045 1.19047619 0.03647708
1046 1.00732601 0.10000000
1047 0.97069597 0.10000000
1048 1.02564103 0.06666667
1049 1.00732601 0.03333333
1050 1.06227106 0.06509480
1051 1.08058608 0.03018959
1052 0.89743590 0.10000000
1053 0.86080586 0.10000000
1054 0.95238095 0.06666667
1055 0.97069597 0.03333333
1056 0.91575092 0.06823854
1057 0.89743590 0.03647708
1058 0.78754579 0.10000000
1059 0.75091575 0.10000000
1060 0.80586081 0.06509480
1061 0.78754579 0.03018959
1062 0.84249084 0.06823854
1063 0.86080586 0.03647708
1064 0.67765568 0.10000000
1065 0.64102564 0.10000000
1066 0.69597070 0.06666667
1067 0.67765568 0.03333333
1068 0.73260073 0.06509480
1069 0.75091575 0.03018959
1070 0.56776557 0.10000000
1071 0.53113553 0.10000000
1072 0.62271062 0.06666667
1073 0.64102564 0.03333333
1074 0.58608059 0.06823854
1075 0.56776557 0.03647708
1076 0.45787546 0.10000000
1077 0.42124542 0.10000000
1078 0.47619048 0.06509480
1079 0.45787546 0.03018959
1080 0.51282051 0.06823854
1081 0.53113553 0.03647708
1082 0.34798535 0.10000000
1083 0.31135531 0.10000000
1084 0.36630037 0.06666667
1085 0.34798535 0.03333333
1086 0.40293040 0.06509480
1087 0.42124542 0.03018959
1088 0.23809524 0.10000000
1089 0.20146520 0.10000000
1090 0.29304029 0.06666667
1091 0.31135531 0.03333333
1092 0.25641026 0.06509480
1093 0.23809524 0.03018959
1094 0.12820513 0.10000000
1095 0.09157509 0.10000000
1096 0.14652015 0.06666667
1097 0.12820513 0.03333333
1098 0.18315018 0.06509480
1099 0.20146520 0.03018959
1100 0.01831502 0.10000000
1101 -0.01831502 0.10000000
1102 0.07326007 0.06666667
1103 0.09157509 0.03333333
1104 0.03663004 0.06509480
1105 0.01831502 0.03018959
1106 -0.09157509 0.10000000
1107 -0.12820513 0.10000000
1108 -0.07326007 0.06666667
1109 -0.09157509 0.03333333
1110 -0.03663004 0.06509480
1111 -0.01831502 0.03018959
1112 -0.20146520 0.10000000
1113 -0.23809524 0.10000000
1114 -0.14652015 0.06666667
1115 -0.12820513 0.03333333
1116 -0.18315018 0.06823854
1117 -0.20146520 0.03647708
1118 -0.31135531 0.10000000
1119 -0.34798535 0.10000000
1120 -0.29304029 0.06666667
1121 -0.31135531 0.03333333
1122 -0.25641026 0.06823854
1123 -0.23809524 0.03647708
1124 -0.42124542 0.10000000
1125 -0.45787546 0.10000000
1126 -0.36630037 0.06666667
1127 -0.34798535 0.03333333
1128 -0.40293040 0.06823854
1129 -0.42124542 0.03647708
1130 -0.53113553 0.10000000
1131 -0.56776557 0.10000000
1132 -0.51282051 0.06509480
1133 -0.53113553 0.03018959
1134 -0.47619048 0.06823854
1135 -0.45787546 0.03647708
1136 -0.64102564 0.10000000
1137 -0.67765568 0.10000000
1138 -0.62271062 0.06666667
1139 -0.64102564 0.03333333
1140 -0.58608059 0.06509480
1141 -0.56776557 0.03018959
1142 -0.75091575 0.10000000
1143 -0.78754579 0.10000000
1144 -0.69597070 0.06666667
1145 -0.67765568 0.03333333
1146 -0.73260073 0.06823854
1147 -0.75091575 0.03647708
1148 -0.86080586 0.10000000
1149 -0.89743590 0.10000000
1150 -0.84249084 0.06509480
1151 -0.86080586 0.03018959
1152 -0.80586081 0.06823854
1153 -0.78754579 0.03647708
1154 -0.97069597 0.10000000
1155 -1.00732601 0.10000000
1156 -0.95238095 0.06666667
1157 -0.97069597 0.03333333
1158 -0.91575092 0.06509480
1159 -0.89743590 0.03018959
1160 -1.08058608 0.10000000
1161 -1.11721612 0.10000000
1162 -1.02564103 0.06666667
1163 -1.00732601 0.03333333
1164 -1.06227106 0.06823854
1165 -1.08058608 0.03647708
1166 -1.19047619 0.10000000
1167 -1.22710623 0.10000000
1168 -1.17216117 0.06509480
1169 -1.19047619 0.03018959
1170 -1.13553114 0.06823854
1171 -1.11721612 0.03647708
1172 -1.30036630 0.10000000
1173 -1.33699634 0.10000000
1174 -1.28205128 0.06666667
1175 -1.30036630 0.03333333
1176 -1.24542125 0.06509480
1177 -1.22710623 0.03018959
1178 -1.41025641 0.10000000
1179 -1.44688645 0.10000000
1180 -1.35531136 0.06666667
1181 -1.33699634 0.03333333
1182 -1.39194139 0.06823854
1183 -1.41025641 0.03647708
1184 -1.52014652 0.10000000
1185 -1.55677656 0.10000000
1186 -1.50183150 0.06509480
1187 -1.52014652 0.03018959
1188 -1.46520147 0.06823854
1189 -1.44688645 0.03647708
1190 -1.63003663 0.10000000
1191 -1.66666667 0.10000000
1192 -1.61172161 0.06666667
1193 -1.63003663 0.03333333
1194 -1.57509158 0.06509480
1195 -1.55677656 0.03018959
1196 -1.73992674 0.10000000
1197 -1.77655678 0.10000000
1198 -1.68498168 0.06666667
1199 -1.66666667 0.03333333
1200 -1.72161172 0.06823854
1201 -1.73992674 0.03647708
1202 -1.84981685 0.10000000
1203 -1.88644689 0.10000000
1204 -1.83150183 0.06509480
1205 -1.84981685 0.03018959
1206 -1.79487179 0.06823854
1207 -1.77655678 0.03647708
1208 -1.95970696 0.10000000
1209 -1.99633700 0.10000000
1210 -1.94139194 0.06666667
1211 -1.95970696 0.03333333
1212 -1.90476190 0.06509480
1213 -1.88644689 0.03018959
1214 -2.06959707 0.10000000
1215 -2.10622711 0.10000000
1216 -2.01465201 0.06666667
1217 -1.99633700 0.03333333
1218 -2.05128205 0.06823854
1219 -2.06959707 0.03647708
1220 -2.17948718 0.10000000
1221 -2.21611722 0.10000000
1222 -2.16117216 0.06509480
1223 -2.17948718 0.03018959
1224 -2.12454212 0.06823854
1225 -2.10622711 0.03647708
1226 -2.28937729 0.10000000
1227 -2.32600733 0.10000000
1228 -2.27106227 0.06666667
1229 -2.28937729 0.03333333
1230 -2.23443223 0.06509480
1231 -2.21611722 0.03018959
1232 -2.39926740 0.10000000
1233 -2.43589744 0.10000000
1234 -2.34432234 0.06666667
1235 -2.32600733 0.03333333
1236 -2.38095238 0.06823854
1237 -2.39926740 0.03647708
1238 -2.50915751 0.10000000
1239 -2.54578755 0.10000000
1240 -2.49084249 0.06509480
1241 -2.50915751 0.03018959
1242 -2.45421245 0.06823854
1243 -2.43589744 0.03647708
1244 -2.61904762 0.10000000
1245 -2.65567766 0.10000000
1246 -2.60073260 0.06666667
1247 -2.61904762 0.03333333
1248 -2.56410256 0.06509480
1249 -2.54578755 0.03018959
1250 -2.72893773 0.10000000
1251 -2.76556777 0.10000000
1252 -2.67399267 0.06666667
1253 -2.65567766 0.03333333
1254 -2.71062271 0.06509480
1255 -2.72893773 0.03018959
1256 -2.83882784 0.10000000
1257 -2.87545788 0.10000000
1258 -2.82051282 0.06666667
1259 -2.83882784 0.03333333
1260 -2.78388278 0.06509480
1261 -2.76556777 0.03018959
1262 -2.94871795 0.10000000
1263 -2.98534799 0.10000000
1264 -2.89377289 0.06666667
1265 -2.87545788 0.03333333
1266 -2.93040293 0.06823854
1267 -2.94871795 0.03647708
1268 -3.05860806 0.10000000
1269 -3.09523810 0.10000000
1270 -3.04029304 0.06509480
1271 -3.05860806 0.03018959
1272 -3.00366300 0.06823854
1273 -2.98534799 0.03647708
1274 -3.16849817 0.10000000
1275 -3.20512821 0.10000000
1276 -3.15018315 0.06666667
1277 -3.16849817 0.03333333
1278 -3.11355311 0.06509480
1279 -3.09523810 0.03018959
1280 -3.27838828 0.10000000
1281 -3.31501832 0.10000000
1282 -3.22344322 0.06666667
1283 -3.20512821 0.03333333
1284 -3.26007326 0.06823854
1285 -3.27838828 0.03647708
1286 -3.38827839 0.10000000
1287 -3.42490842 0.10000000
1288 -3.36996337 0.06666667
1289 -3.38827839 0.03333333
1290 -3.33333333 0.06823854
1291 -3.31501832 0.03647708
1292 -3.49816850 0.10000000
1293 -3.53479853 0.10000000
1294 -3.44322344 0.06666667
1295 -3.42490842 0.03333333
1296 -3.47985348 0.06823854
1297 -3.49816850 0.03647708
1298 -3.60805861 0.10000000
1299 -3.64468864 0.10000000
1300 -3.58974359 0.06509480
1301 -3.60805861 0.03018959
1302 -3.55311355 0.06823854
1303 -3.53479853 0.03647708
1304 -3.71794872 0.10000000
1305 -3.75457875 0.10000000
1306 -3.69963370 0.06666667
1307 -3.71794872 0.03333333
1308 -3.66300366 0.06509480
1309 -3.64468864 0.03018959
1310 -3.82783883 0.10000000
1311 -3.86446886 0.10000000
1312 -3.77289377 0.06666667
1313 -3.75457875 0.03333333
1314 -3.80952381 0.06823854
1315 -3.82783883 0.03647708
1316 -3.93772894 0.10000000
1317 -3.97435897 0.10000000
1318 -3.91941392 0.06509480
1319 -3.93772894 0.03018959
1320 -3.88278388 0.06823854
1321 -3.86446886 0.03647708
1322 -4.04761905 0.10000000
1323 -4.08424908 0.10000000
1324 -4.02930403 0.06666667
1325 -4.04761905 0.03333333
1326 -3.99267399 0.06509480
1327 -3.97435897 0.03018959
1328 -4.15750916 0.10000000
1329 -4.19413919 0.10000000
1330 -4.10256410 0.06666667
1331 -4.08424908 0.03333333
1332 -4.13919414 0.06823854
1333 -4.15750916 0.03647708
1334 -4.26739927 0.10000000
1335 -4.30402930 0.10000000
1336 -4.24908425 0.06509480
1337 -4.26739927 0.03018959
1338 -4.21245421 0.06823854
1339 -4.19413919 0.03647708
1340 -4.37728938 0.10000000
1341 -4.41391941 0.10000000
1342 -4.35897436 0.06666667
1343 -4.37728938 0.03333333
1344 -4.32234432 0.06509480
1345 -4.30402930 0.03018959
1346 -4.48717949 0.10000000
1347 -4.52380952 0.10000000
1348 -4.43223443 0.06666667
1349 -4.41391941 0.03333333
1350 -4.46886447 0.06823854
1351 -4.48717949 0.03647708
1352 -4.59706960 0.10000000
1353 -4.63369963 0.10000000
1354 -4.57875458 0.06509480
1355 -4.59706960 0.03018959
1356 -4.54212454 0.06823854
1357 -4.52380952 0.03647708
1358 -4.70695971 0.10000000
1359 -4.74358974 0.10000000
1360 -4.68864469 0.06666667
1361 -4.70695971 0.03333333
1362 -4.65201465 0.06509480
1363 -4.63369963 0.03018959
1364 -4.81684982 0.10000000
1365 -4.85347985 0.10000000
1366 -4.76190476 0.06666667
1367 -4.74358974 0.03333333
1368 -4.79853480 0.06823854
1369 -4.81684982 0.03647708
1370 -4.92673993 0.10000000
1371 -4.96336996 0.10000000
1372 -4.87179487 0.06823854
1373 -4.85347985 0.03647708
1374 -4.89943923 0.07345896
1375 -4.90876857 0.04691792
1376 -5.00000000 0.06666667
1377 -5.00000000 0.03333333
1378 -4.97269930 0.07345896
1379 -4.94539861 0.04691792
1380 -4.97269930 0.00679229
1381 -4.94539861 0.01358459
1382 -4.68864469 -0.00157187
1383 -4.65201465 -0.00314374
1384 -4.76190476 0.00157187
1385 -4.79853480 0.00314374
1386 -4.35897436 -0.00157187
1387 -4.32234432 -0.00314374
1388 -4.43223443 0.00157187
1389 -4.46886447 0.00314374
1390 -4.02930403 -0.00157187
1391 -3.99267399 -0.00314374
1392 -4.10256410 0.00157187
1393 -4.13919414 0.00314374
1394 -3.69963370 -0.00157187
1395 -3.66300366 -0.00314374
1396 -3.77289377 0.00157187
1397 -3.80952381 0.00314374
1398 -3.36996337 0.00157187
1399 -3.33333333 0.00314374
1400 -3.44322344 0.00157187
1401 -3.47985348 0.00314374
1402 -3.22344322 0.00157187
1403 -3.26007326 0.00314374
1404 -3.15018315 -0.00157187
1405 -3.11355311 -0.00314374
1406 -2.82051282 -0.00157187
1407 -2.78388278 -0.00314374
1408 -2.89377289 0.00157187
1409 -2.93040293 0.00314374
1410 -2.67399267 -0.00157187
1411 -2.71062271 -0.00314374
1412 -2.60073260 -0.00157187
1413 -2.56410256 -0.00314374
1414 -2.27106227 -0.00157187
1415 -2.23443223 -0.00314374
1416 -2.34432234 0.00157187
1417 -2.38095238 0.00314374
1418 -1.94139194 -0.00157187
1419 -1.90476190 -0.00314374
1420 -2.01465201 0.00157187
1421 -2.05128205 0.00314374
1422 -1.61172161 -0.00157187
1423 -1.57509158 -0.00314374
1424 -1.68498168 0.00157187
1425 -1.72161172 0.00314374
1426 -1.28205128 -0.00157187
1427 -1.24542125 -0.00314374
1428 -1.35531136 0.00157187
1429 -1.39194139 0.00314374
1430 -0.95238095 -0.00157187
1431 -0.91575092 -0.00314374
1432 -1.02564103 0.00157187
1433 -1.06227106 0.00314374
1434 -0.62271062 -0.00157187
1435 -0.58608059 -0.00314374
1436 -0.69597070 0.00157187
1437 -0.73260073 0.00314374
1438 -0.29304029 0.00157187
1439 -0.25641026 0.00314374
1440 -0.36630037 0.00157187
1441 -0.40293040 0.00314374
1442 -0.14652015 0.00157187
1443 -0.18315018 0.00314374
1444 -0.07326007 -0.00157187
1445 -0.03663004 -0.00314374
1446 0.07326007 -0.00157187
1447 0.03663004 -0.00314374
1448 0.14652015 -0.00157187
1449 0.18315018 -0.00314374
1450 0.29304029 -0.00157187
1451 0.25641026 -0.00314374
1452 0.36630037 -0.00157187
1453 0.40293040 -0.00314374
1454 0.69597070 -0.00157187
1455 0.73260073 -0.00314374
1456 0.62271062 0.00157187
1457 0.58608059 0.00314374
1458 1.02564103 -0.00157187
1459 1.06227106 -0.00314374
1460 0.95238095 0.00157187
1461 0.91575092 0.00314374
1462 1.35531136 -0.00157187
1463 1.39194139 -0.00314374
1464 1.28205128 0.00157187
1465 1.24542125 0.00314374
1466 1.68498168 -0.00157187
1467 1.72161172 -0.00314374
1468 1.61172161 0.00157187
1469 1.57509158 0.00314374
1470 2.01465201 -0.00157187
1471 2.05128205 -0.00314374
1472 1.94139194 0.00157187
1473 1.90476190 0.00314374
1474 2.34432234 -0.00157187
1475 2.38095238 -0.00314374
1476 2.27106227 0.00157187
1477 2.23443223 0.00314374
1478 2.67399267 -0.00157187
1479 2.71062271 -0.00314374
1480 2.60073260 0.00157187
1481 2.56410256 0.00314374
1482 2.82051282 -0.00157187
1483 2.78388278 -0.00314374
1484 2.89377289 -0.00157187
1485 2.93040293 -0.00314374
1486 3.22344322 -0.00157187
1487 3.26007326 -0.00314374
1488 3.15018315 0.00157187
1489 3.11355311 0.00314374
1490 3.55311355 -0.00157187
1491 3.58974359 -0.00314374
1492 3.47985348 0.00157187
1493 3.44322344 0.00314374
1494 3.88278388 -0.00157187
1495 3.91941392 -0.00314374
1496 3.80952381 0.00157187
1497 3.77289377 0.00314374
1498 4.21245421 -0.00157187
1499 4.24908425 -0.00314374
1500 4.13919414 0.00157187
1501 4.10256410 0.00314374
1502 4.54212454 -0.00157187
1503 4.57875458 -0.00314374
1504 4.46886447 0.00157187
1505 4.43223443 0.00314374
1506 4.86263736 -0.00660347
1507 4.89010989 -0.01320694
1508 4.79853480 0.00157187
1509 4.76190476 0.00314374
1510 -4.57875458 -0.00157187
1511 -4.54212454 0.00157187
1512 -4.86280919 0.00993604
1513 -4.89045355 0.01515646
1514 -4.24908425 -0.00157187
1515 -4.21245421 0.00157187
1516 -3.91941392 -0.00157187
1517 -3.88278388 0.00157187
1518 -3.58974359 -0.00157187
1519 -3.55311355 0.00157187
1520 -3.04029304 -0.00157187
1521 -3.00366300 0.00157187
1522 -2.49084249 -0.00157187
1523 -2.45421245 0.00157187
1524 -2.16117216 -0.00157187
1525 -2.12454212 0.00157187
1526 -1.83150183 -0.00157187
1527 -1.79487179 0.00157187
1528 -1.50183150 -0.00157187
1529 -1.46520147 0.00157187
1530 -1.17216117 -0.00157187
1531 -1.13553114 0.00157187
1532 -0.84249084 -0.00157187
1533 -0.80586081 0.00157187
1534 -0.51282051 -0.00157187
1535 -0.47619048 0.00157187
1536 0.47619048 -0.00157187
1537 0.51282051 0.00157187
1538 0.80586081 -0.00157187
1539 0.84249084 0.00157187
1540 1.13553114 -0.00157187
1541 1.17216117 0.00157187
1542 1.46520147 -0.00157187
1543 1.50183150 0.00157187
1544 1.79487179 -0.00157187
1545 1.83150183 0.00157187
1546 2.12454212 -0.00157187
1547 2.16117216 0.00157187
1548 2.45421245 -0.00157187
1549 2.49084249 0.00157187
1550 3.00366300 -0.00157187
1551 3.04029304 0.00157187
1552 3.33333333 -0.00157187
1553 3.36996337 0.00157187
1554 3.66300366 -0.00157187
1555 3.69963370 0.00157187
1556 3.99267399 -0.00157187
1557 4.02930403 0.00157187
1558 4.32234432 -0.00157187
1559 4.35897436 0.00157187
1560 4.65201465 -0.00157187
1561 4.68864469 0.00157187
1562 -4.96336996 -0.06666667
1563 -4.61538462 -0.06823854
1564 -4.72527473 -0.06666667
1565 -4.78021978 -0.03176146
1566 -4.28571429 -0.06823854
1567 -4.93606927 0.07345896
1568 4.67032967 -0.03333333
1569 -4.34065934 -0.03490520
1570 -3.95604396 -0.06823854
1571 4.93589744 0.02672986
1572 4.93589744 -0.07327014
1573 -4.01098901 -0.03490520
1574 4.67032967 0.03333333
1575 -4.12087912 -0.03176146
1576 -4.93606927 -0.02654104
1577 -4.45054945 -0.03176146
1578 -3.62637363 -0.06823854
1579 4.34065934 0.03333333
1580 4.61538462 0.06509480
1581 -3.68131868 -0.03490520
1582 -3.40659341 -0.06666667
1583 -3.46153846 -0.03176146
1584 4.01098901 -0.03333333
1585 -3.29670330 -0.06509480
1586 4.72527473 -0.06509480
1587 -3.79120879 -0.03176146
1588 -3.07692308 -0.06823854
1589 4.28571429 0.06509480
1590 4.39560440 -0.06509480
1591 -3.13186813 -0.03490520
1592 -2.74725275 -0.06823854
1593 3.68131868 0.03333333
1594 3.95604396 0.06509480
1595 -2.80219780 -0.03490520
1596 3.68131868 -0.03333333
1597 -2.91208791 -0.03176146
1598 4.01098901 0.03333333
1599 -2.63736264 -0.06666667
1600 4.34065934 -0.03333333
1601 -4.67032967 -0.03490520
1602 -2.58241758 -0.03490520
1603 3.35164835 -0.03333333
1604 -2.19780220 -0.06823854
1605 3.62637363 0.06509480
1606 3.73626374 -0.06509480
1607 -2.25274725 -0.03490520
1608 3.35164835 0.03333333
1609 -2.36263736 -0.03176146
1610 -1.86813187 -0.06823854
1611 3.02197802 0.03333333
1612 3.29670330 0.06509480
1613 -1.92307692 -0.03490520
1614 -1.53846154 -0.06823854
1615 2.96703297 0.06509480
1616 3.07692308 -0.06509480
1617 -1.59340659 -0.03490520
1618 3.40659341 -0.06509480
1619 -1.70329670 -0.03176146
1620 3.02197802 -0.03333333
1621 -2.03296703 -0.03176146
1622 -1.20879121 -0.06823854
1623 2.47252747 0.03333333
1624 2.80219780 0.03176146
1625 -1.26373626 -0.03490520
1626 -0.87912088 -0.06823854
1627 2.14285714 -0.03333333
1628 2.14285714 0.03333333
1629 -0.93406593 -0.03490520
1630 2.80219780 -0.03490520
1631 -1.04395604 -0.03176146
1632 -0.54945055 -0.06823854
1633 2.52747253 -0.06509480
1634 1.81318681 -0.03333333
1635 -0.60439560 -0.03490520
1636 -0.16483516 -0.03176146
1637 2.08791209 0.06509480
1638 2.19780220 -0.06509480
1639 -0.21978022 -0.06509480
1640 1.81318681 0.03333333
1641 -0.38461538 -0.03176146
1642 2.41758242 0.06509480
1643 -0.71428571 -0.03176146
1644 2.47252747 -0.03333333
1645 -1.37362637 -0.03176146
1646 4.06593407 -0.06509480
1647 0.00000000 -0.06823854
1648 -4.39560440 -0.06666667
1649 -4.97269930 0.04012563
1650 -4.06593407 -0.06666667
1651 -4.88112421 -0.02496917
1652 -4.78021978 0.03490520
1653 -3.73626374 0.06666667
1654 -4.83516484 0.06823854
1655 -4.06593407 0.06666667
1656 -3.24175824 -0.03176146
1657 -4.67032967 0.03176146
1658 -4.45054945 0.03490520
1659 -3.40659341 0.06666667
1660 -3.18681319 -0.06666667
1661 -4.34065934 0.03176146
1662 -4.12087912 0.03490520
1663 -2.85714286 0.06666667
1664 -4.50549451 0.06823854
1665 -3.18681319 0.06666667
1666 -4.17582418 0.06823854
1667 -3.73626374 -0.06666667
1668 -2.52747253 -0.06823854
1669 -4.01098901 0.03176146
1670 -3.79120879 0.03490520
1671 -2.63736264 0.06666667
1672 -2.30769231 -0.06666667
1673 -3.68131868 0.03176146
1674 -3.46153846 0.03490520
1675 -1.97802198 0.06666667
1676 -3.84615385 0.06823854
1677 -2.30769231 0.06666667
1678 -1.64835165 0.06666667
1679 -3.35164835 0.03490520
1680 -3.29670330 0.06823854
1681 -1.64835165 -0.06666667
1682 -1.31868132 -0.06666667
1683 -2.91208791 0.03490520
1684 -2.96703297 0.06823854
1685 -0.98901099 0.06666667
1686 -3.13186813 0.03176146
1687 -1.31868132 0.06666667
1688 -3.51648352 0.06823854
1689 -1.97802198 -0.06666667
1690 -2.80219780 0.03176146
1691 -2.85714286 -0.06666667
1692 -0.65934066 0.06666667
1693 -2.74725275 0.06509480
1694 -2.58241758 0.03176146
1695 -0.65934066 -0.06666667
1696 -0.32967033 -0.06666667
1697 -2.41758242 0.06823854
1698 -2.25274725 0.03176146
1699 -0.10989011 0.06666667
1700 -2.36263736 0.03490520
1701 -0.32967033 0.06666667
1702 0.21978022 -0.06823854
1703 -2.08791209 0.06823854
1704 -1.92307692 0.03176146
1705 0.10989011 0.06666667
1706 0.32967033 0.06666667
1707 -1.75824176 0.06823854
1708 -1.59340659 0.03176146
1709 0.76923077 -0.06823854
1710 -1.70329670 0.03490520
1711 0.43956044 -0.06823854
1712 -2.03296703 0.03490520
1713 -0.10989011 -0.06666667
1714 1.09890110 -0.06823854
1715 -1.42857143 0.06823854
1716 -1.26373626 0.03176146
1717 0.98901099 0.06666667
1718 1.31868132 0.06666667
1719 -1.09890110 0.06823854
1720 -0.93406593 0.03176146
1721 1.75824176 -0.06823854
1722 -1.04395604 0.03490520
1723 1.42857143 -0.06823854
1724 2.08791209 -0.06823854
1725 -0.76923077 0.06823854
1726 -0.60439560 0.03176146
1727 1.97802198 0.06666667
1728 2.19780220 0.06823854
1729 -0.43956044 0.06823854
1730 -0.27472527 0.03490520
1731 2.74725275 -0.06823854
1732 -0.38461538 0.03490520
1733 2.30769231 0.06666667
1734 -0.71428571 0.03490520
1735 1.64835165 0.06666667
1736 -1.37362637 0.03490520
1737 0.65934066 0.06666667
1738 -0.21978022 0.06823854
1739 -0.98901099 -0.06666667
1740 -0.05494505 0.03176146
1741 -4.39560440 0.06666667
1742 0.10989011 -0.06666667
1743 1.48351648 0.03333333
1744 0.32967033 -0.06666667
1745 1.86813187 -0.06509480
1746 1.15384615 -0.03333333
1747 0.38461538 -0.03490520
1748 1.75824176 0.06509480
1749 0.16483516 -0.03490520
1750 0.65934066 -0.06666667
1751 1.42857143 0.06509480
1752 1.53846154 -0.06509480
1753 0.71428571 -0.03490520
1754 0.98901099 -0.06666667
1755 0.82417582 0.03333333
1756 1.09890110 0.06509480
1757 1.04395604 -0.03490520
1758 0.82417582 -0.03333333
1759 0.93406593 -0.03176146
1760 1.15384615 0.03333333
1761 0.60439560 -0.03176146
1762 1.31868132 -0.06666667
1763 0.49450549 -0.03333333
1764 0.49450549 0.03333333
1765 1.37362637 -0.03490520
1766 1.64835165 -0.06666667
1767 0.87912088 -0.06509480
1768 0.43956044 0.06509480
1769 1.70329670 -0.03490520
1770 0.76923077 0.06509480
1771 1.59340659 -0.03176146
1772 1.97802198 -0.06666667
1773 0.27472527 0.03176146
1774 0.27472527 -0.03490520
1775 2.03296703 -0.03490520
1776 2.41758242 -0.06823854
1777 0.05494505 -0.03490520
1778 -0.49450549 -0.03333333
1779 2.36263736 -0.03490520
1780 0.05494505 0.03176146
1781 2.25274725 -0.03176146
1782 0.54945055 -0.06509480
1783 1.92307692 -0.03176146
1784 1.20879121 -0.06509480
1785 1.26373626 -0.03176146
1786 2.63736264 -0.06666667
1787 -0.16483516 0.03490520
1788 2.85714286 -0.06666667
1789 -0.82417582 -0.03333333
1790 -0.82417582 0.03333333
1791 2.91208791 -0.03490520
1792 -0.27472527 -0.03176146
1793 2.69230769 -0.03490520
1794 3.18681319 -0.06666667
1795 -0.43956044 -0.06509480
1796 -1.15384615 -0.03333333
1797 3.24175824 -0.03490520
1798 3.51648352 -0.06666667
1799 -0.87912088 0.06509480
1800 -0.76923077 -0.06509480
1801 3.57142857 -0.03490520
1802 -1.15384615 0.03333333
1803 3.46153846 -0.03176146
1804 -0.54945055 0.06509480
1805 3.13186813 -0.03176146
1806 3.95604396 -0.06823854
1807 -1.48351648 0.03333333
1808 -1.20879121 0.06509480
1809 3.90109890 -0.03490520
1810 4.17582418 -0.06666667
1811 -1.81318681 -0.03333333
1812 -1.81318681 0.03333333
1813 4.23076923 -0.03490520
1814 -1.09890110 -0.06509480
1815 4.12087912 -0.03176146
1816 4.61538462 -0.06823854
1817 -1.42857143 -0.06509480
1818 -2.14285714 -0.03333333
1819 4.56043956 -0.03490520
1820 4.88095238 -0.03993680
1821 -1.86813187 0.06509480
1822 -1.75824176 -0.06509480
1823 4.97252747 -0.03993680
1824 -2.14285714 0.03333333
1825 4.78021978 -0.03176146
1826 -1.53846154 0.06509480
1827 4.45054945 -0.03176146
1828 -1.48351648 -0.03333333
1829 3.79120879 -0.03176146
1830 -0.49450549 0.03333333
1831 2.58241758 -0.03176146
1832 2.96703297 -0.06823854
1833 -0.00000000 0.06509480
1834 3.29670330 -0.06823854
1835 0.21978022 0.06509480
1836 0.38461538 0.03176146
1837 3.18681319 0.06666667
1838 0.16483516 0.03176146
1839 2.85714286 0.06666667
1840 3.51648352 0.06666667
1841 0.54945055 0.06823854
1842 0.71428571 0.03176146
1843 3.84615385 0.06666667
1844 4.28571429 -0.06823854
1845 0.87912088 0.06823854
1846 1.04395604 0.03176146
1847 4.17582418 0.06666667
1848 0.93406593 0.03490520
1849 3.73626374 0.06823854
1850 0.60439560 0.03490520
1851 3.62637363 -0.06823854
1852 4.39560440 0.06823854
1853 1.20879121 0.06823854
1854 1.37362637 0.03176146
1855 4.83516484 0.06666667
1856 -4.50549451 -0.06509480
1857 1.53846154 0.06823854
1858 1.70329670 0.03176146
1859 -4.61538462 0.06509480
1860 1.59340659 0.03490520
1861 4.72527473 0.06823854
1862 -4.83516484 -0.06509480
1863 1.86813187 0.06823854
1864 2.03296703 0.03176146
1865 -4.17582418 -0.06509480
1866 -4.56043956 0.03333333
1867 2.30769231 -0.06666667
1868 2.36263736 0.03176146
1869 -4.56043956 -0.03333333
1870 2.25274725 0.03490520
1871 -4.28571429 0.06509480
1872 1.92307692 0.03490520
1873 -4.88112421 0.04169750
1874 1.26373626 0.03490520
1875 4.50549451 0.06666667
1876 -3.95604396 0.06509480
1877 2.52747253 0.06823854
1878 2.69230769 0.03176146
1879 -4.23076923 0.03333333
1880 -3.51648352 -0.06509480
1881 2.91208791 0.03176146
1882 3.13186813 0.03490520
1883 -3.62637363 0.06509480
1884 2.74725275 0.06509480
1885 -4.23076923 -0.03333333
1886 3.24175824 0.03176146
1887 3.07692308 0.06823854
1888 4.56043956 0.03176146
1889 3.57142857 0.03176146
1890 -3.35164835 -0.03176146
1891 3.46153846 0.03490520
1892 3.40659341 0.06823854
1893 -3.24175824 0.03490520
1894 4.50549451 -0.06666667
1895 -3.90109890 -0.03333333
1896 2.58241758 0.03490520
1897 -3.90109890 0.03333333
1898 -3.57142857 -0.03333333
1899 3.79120879 0.03490520
1900 3.84615385 -0.06666667
1901 -2.96703297 -0.06509480
1902 -2.69230769 -0.03490520
1903 4.12087912 0.03490520
1904 4.06593407 0.06823854
1905 -2.69230769 0.03176146
1906 3.90109890 0.03176146
1907 -3.07692308 0.06509480
1908 -3.02197802 -0.03333333
1909 4.45054945 0.03490520
1910 -4.72527473 0.06666667
1911 -2.41758242 -0.06509480
1912 -2.08791209 -0.06509480
1913 4.83516484 -0.06666667
1914 4.96336996 0.06666667
1915 -2.19780220 0.06509480
1916 4.78021978 0.03490520
1917 -2.52747253 0.06509480
1918 4.23076923 0.03176146
1919 -3.02197802 0.03333333
1920 -2.47252747 0.03333333
1921 -3.57142857 0.03333333
1922 4.88095238 0.02672986
1923 -3.84615385 -0.06509480
1924 -2.47252747 -0.03333333
1925 -0.05494505 -0.03490520
1926 1.48351648 -0.03333333
1927 2.63736264 0.06666667

MAT. YOUNG M. POISSON C. DENSITY
1 2400000.00 0.00 0.00

THICK. VALUE
1 1.00

ELEM.T10 NODES MAT. THICK.
1 186 281 280 1 285 1562 278 284 279 2 1 1
2 5 304 305 219 297 1563 301 296 300 4 1 1
3 3 290 291 4 292 1564 298 293 299 187 1 1
4 3 292 293 187 294 1565 1384 295 1385 220 1 1
5 8 322 323 221 315 1566 319 314 318 7 1 1
6 185 1378 1379 277 1371 1567 1375 1370 1374 184 1 1
7 276 1561 1560 273 811 1568 809 810 808 89 1 1
8 7 318 319 221 316 1569 1387 317 1386 188 1 1
9 11 340 341 223 333 1570 337 332 336 10 1 1
10 95 840 841 275 831 1571 833 830 832 93 1 1
11 92 826 827 275 819 1572 823 818 822 91 1 1
12 10 336 337 223 334 1573 1391 335 1390 189 1 1
13 97 850 851 273 852 1574 1560 853 1561 276 1 1
14 189 1392 1393 224 329 1575 331 328 330 9 1 1
15 2 288 289 277 284 1576 1381 285 1380 186 1 1
16 222 313 312 6 1389 1577 310 1388 311 188 1 1
17 14 358 359 225 351 1578 355 350 354 13 1 1
18 100 868 869 271 870 1579 1558 871 1559 274 1 1
19 98 858 859 273 849 1580 851 848 850 97 1 1
20 13 354 355 225 352 1581 1395 353 1394 190 1 1
21 16 370 371 191 363 1582 365 362 364 15 1 1
22 228 367 366 15 1401 1583 364 1400 365 191 1 1
23 272 1557 1556 269 775 1584 773 774 772 83 1 1
24 227 373 372 16 379 1585 368 378 369 17 1 1
25 89 806 807 90 810 1586 816 811 817 276 1 1
26 226 349 348 12 1397 1587 346 1396 347 190 1 1
27 19 388 389 229 381 1588 385 380 384 18 1 1
28 101 876 877 271 867 1589 869 866 868 100 1 1
29 86 788 789 87 792 1590 798 793 799 274 1 1
30 18 384 385 229 382 1591 1405 383 1404 192 1 1
31 22 408 409 230 399 1592 403 398 402 21 1 1
32 106 904 905 267 906 1593 1554 907 1555 270 1 1
33 104 894 895 269 885 1594 887 884 886 103 1 1
34 230 1407 1406 193 403 1595 401 402 400 21 1 1
35 270 1555 1554 267 757 1596 755 756 754 80 1 1
36 193 1408 1409 231 395 1597 397 394 396 20 1 1
37 103 886 887 269 888 1598 1556 889 1557 272 1 1
38 23 412 413 194 405 1599 407 404 406 22 1 1
39 274 1559 1558 271 793 1600 791 792 790 86 1 1
40 219 1383 1382 187 301 1601 299 300 298 4 1 1
41 23 414 415 232 412 1602 1413 413 1412 194 1 1
42 268 1553 1552 265 739 1603 737 738 736 77 1 1
43 27 436 437 233 429 1604 433 428 432 26 1 1
44 107 912 913 267 903 1605 905 902 904 106 1 1
45 80 752 753 81 756 1606 762 757 763 270 1 1
46 26 432 433 233 430 1607 1415 431 1414 195 1 1
47 109 922 923 265 924 1608 1552 925 1553 268 1 1
48 195 1416 1417 234 425 1609 427 424 426 25 1 1
49 30 454 455 235 447 1610 451 446 450 29 1 1
50 112 940 941 264 942 1611 1550 943 1551 266 1 1
51 110 930 931 265 921 1612 923 920 922 109 1 1
52 29 450 451 235 448 1613 1419 449 1418 196 1 1
53 33 472 473 237 465 1614 469 464 468 32 1 1
54 113 948 949 264 939 1615 941 938 940 112 1 1
55 74 716 717 75 720 1616 726 721 727 266 1 1
56 32 468 469 237 466 1617 1423 467 1422 197 1 1
57 77 734 735 78 738 1618 744 739 745 268 1 1
58 197 1424 1425 238 461 1619 463 460 462 31 1 1
59 266 1551 1550 264 721 1620 719 720 718 74 1 1
60 196 1420 1421 236 443 1621 445 442 444 28 1 1
61 36 490 491 239 483 1622 487 482 486 35 1 1
62 117 970 971 260 972 1623 1548 973 1549 263 1 1
63 114 954 955 262 952 1624 1483 953 1482 212 1 1
64 35 486 487 239 484 1625 1427 485 1426 198 1 1
65 39 508 509 241 501 1626 505 500 504 38 1 1
66 261 1547 1546 258 673 1627 671 672 670 66 1 1
67 120 988 989 258 990 1628 1546 991 1547 261 1 1
68 38 504 505 241 502 1629 1431 503 1430 199 1 1
69 72 706 707 212 708 1630 1482 709 1483 262 1 1
70 199 1432 1433 242 497 1631 499 496 498 37 1 1
71 42 526 527 243 519 1632 523 518 522 41 1 1
72 69 686 687 70 690 1633 696 691 697 263 1 1
73 259 1545 1544 256 655 1634 653 654 652 63 1 1
74 41 522 523 243 520 1635 1435 521 1434 200 1 1
75 202 1442 1443 245 545 1636 547 544 546 45 1 1
76 121 996 997 258 987 1637 989 986 988 120 1 1
77 66 668 669 67 672 1638 678 673 679 261 1 1
78 44 536 537 45 540 1639 546 541 547 245 1 1
79 123 1006 1007 256 1008 1640 1544 1009 1545 259 1 1
80 201 1440 1441 246 533 1641 535 532 534 43 1 1
81 118 978 979 260 969 1642 971 968 970 117 1 1
82 200 1436 1437 244 515 1643 517 514 516 40 1 1
83 263 1549 1548 260 691 1644 689 690 688 69 1 1
84 198 1428 1429 240 479 1645 481 478 480 34 1 1
85 83 770 771 84 774 1646 780 775 781 272 1 1
86 47 558 559 247 549 1647 553 548 552 46 1 1
87 6 308 309 7 310 1648 316 311 317 188 1 1
88 186 1380 1381 277 1377 1649 1379 1376 1378 185 1 1
89 9 326 327 10 328 1650 334 329 335 189 1 1
90 2 286 287 220 288 1651 1512 289 1513 277 1 1
91 187 1367 1366 183 1384 1652 1368 1385 1369 220 1 1
92 174 1312 1313 190 1305 1653 1307 1304 1306 173 1 1
93 183 1364 1365 184 1368 1654 1372 1369 1373 220 1 1
94 177 1330 1331 189 1323 1655 1325 1322 1324 176 1 1
95 17 376 377 192 378 1656 1402 379 1403 227 1 1
96 219 1363 1362 182 1383 1657 1360 1382 1361 187 1 1
97 180 1350 1351 222 1348 1658 1389 1349 1388 188 1 1
98 171 1294 1295 191 1287 1659 1289 1286 1288 170 1 1
99 17 374 375 18 376 1660 382 377 383 192 1 1
100 221 1345 1344 179 1387 1661 1342 1386 1343 188 1 1
101 177 1332 1333 224 1330 1662 1393 1331 1392 189 1 1
102 166 1264 1265 193 1257 1663 1259 1256 1258 165 1 1
103 222 1351 1350 180 1357 1664 1346 1356 1347 181 1 1
104 169 1282 1283 192 1275 1665 1277 1274 1276 168 1 1
105 177 1328 1329 178 1332 1666 1338 1333 1339 224 1 1
106 12 344 345 13 346 1667 352 347 353 190 1 1
107 23 410 411 24 414 1668 418 415 419 232 1 1
108 223 1327 1326 176 1391 1669 1324 1390 1325 189 1 1
109 174 1314 1315 226 1312 1670 1397 1313 1396 190 1 1
110 164 1252 1253 194 1245 1671 1247 1244 1246 163 1 1
111 25 422 423 26 424 1672 430 425 431 195 1 1
112 225 1309 1308 173 1395 1673 1306 1394 1307 190 1 1
113 171 1296 1297 228 1294 1674 1401 1295 1400 191 1 1
114 158 1216 1217 196 1209 1675 1211 1208 1210 157 1 1
115 226 1315 1314 174 1321 1676 1310 1320 1311 175 1 1
116 161 1234 1235 195 1227 1677 1229 1226 1228 160 1 1
117 155 1198 1199 197 1191 1678 1193 1190 1192 154 1 1
118 227 1291 1290 170 1399 1679 1288 1398 1289 191 1 1
119 169 1280 1281 170 1284 1680 1290 1285 1291 227 1 1
120 31 458 459 32 460 1681 466 461 467 197 1 1
121 34 476 477 35 478 1682 484 479 485 198 1 1
122 166 1266 1267 231 1264 1683 1409 1265 1408 193 1 1
123 167 1272 1273 231 1263 1684 1267 1262 1266 166 1 1
124 149 1162 1163 199 1155 1685 1157 1154 1156 148 1 1
125 168 1276 1277 192 1278 1686 1404 1279 1405 229 1 1
126 152 1180 1181 198 1173 1687 1175 1172 1174 151 1 1
127 228 1297 1296 171 1303 1688 1292 1302 1293 172 1 1
128 28 440 441 29 442 1689 448 443 449 196 1 1
129 193 1406 1407 230 1259 1690 1261 1258 1260 165 1 1
130 20 392 393 21 394 1691 400 395 401 193 1 1
131 146 1144 1145 200 1137 1692 1139 1136 1138 145 1 1
132 165 1260 1261 230 1251 1693 1255 1250 1254 164 1 1
133 232 1249 1248 163 1413 1694 1246 1412 1247 194 1 1
134 40 512 513 41 514 1695 520 515 521 200 1 1
135 43 530 531 44 532 1696 538 533 539 201 1 1
136 162 1242 1243 234 1233 1697 1237 1232 1236 161 1 1
137 233 1231 1230 160 1415 1698 1228 1414 1229 195 1 1
138 141 1114 1115 202 1107 1699 1109 1106 1108 140 1 1
139 234 1417 1416 195 1237 1700 1235 1236 1234 161 1 1
140 143 1126 1127 201 1119 1701 1121 1118 1120 142 1 1
141 48 560 561 49 564 1702 570 565 571 248 1 1
142 159 1224 1225 236 1215 1703 1219 1214 1218 158 1 1
143 235 1213 1212 157 1419 1704 1210 1418 1211 196 1 1
144 139 1102 1103 203 1095 1705 1097 1094 1096 138 1 1
145 137 1090 1091 204 1083 1706 1085 1082 1084 136 1 1
146 156 1206 1207 238 1197 1707 1201 1196 1200 155 1 1
147 237 1195 1194 154 1423 1708 1192 1422 1193 197 1 1
148 53 590 591 54 594 1709 598 595 599 250 1 1
149 238 1425 1424 197 1201 1710 1199 1200 1198 155 1 1
150 50 572 573 51 576 1711 580 577 581 249 1 1
151 236 1421 1420 196 1219 1712 1217 1218 1216 158 1 1
152 45 542 543 46 544 1713 550 545 551 202 1 1
153 56 608 609 57 612 1714 616 613 617 252 1 1
154 153 1188 1189 240 1179 1715 1183 1178 1182 152 1 1
155 239 1177 1176 151 1427 1716 1174 1426 1175 198 1 1
156 131 1054 1055 206 1047 1717 1049 1046 1048 130 1 1
157 128 1036 1037 207 1029 1718 1031 1028 1030 127 1 1
158 150 1170 1171 242 1161 1719 1165 1160 1164 149 1 1
159 241 1159 1158 148 1431 1720 1156 1430 1157 199 1 1
160 62 644 645 63 648 1721 652 649 653 256 1 1
161 242 1433 1432 199 1165 1722 1163 1164 1162 149 1 1
162 59 626 627 60 630 1723 634 631 635 254 1 1
163 65 662 663 66 666 1724 670 667 671 258 1 1
164 147 1152 1153 244 1143 1725 1147 1142 1146 146 1 1
165 243 1141 1140 145 1435 1726 1138 1434 1139 200 1 1
166 122 1000 1001 209 993 1727 995 992 994 121 1 1
167 119 980 981 120 984 1728 990 985 991 261 1 1
168 144 1134 1135 246 1125 1729 1129 1124 1128 143 1 1
169 245 1123 1122 142 1439 1730 1120 1438 1121 201 1 1
170 71 698 699 72 702 1731 708 703 709 262 1 1
171 246 1441 1440 201 1129 1732 1127 1128 1126 143 1 1
172 118 974 975 119 976 1733 982 977 983 210 1 1
173 244 1437 1436 200 1147 1734 1145 1146 1144 146 1 1
174 125 1018 1019 208 1011 1735 1013 1010 1012 124 1 1
175 240 1429 1428 198 1183 1736 1181 1182 1180 152 1 1
176 134 1072 1073 205 1065 1737 1067 1064 1066 133 1 1
177 142 1122 1123 245 1113 1738 1117 1112 1116 141 1 1
178 37 494 495 38 496 1739 502 497 503 199 1 1
179 140 1108 1109 202 1110 1740 1444 1111 1445 247 1 1
180 180 1348 1349 188 1341 1741 1343 1340 1342 179 1 1
181 47 554 555 48 556 1742 562 557 563 203 1 1
182 126 1024 1025 254 1026 1743 1542 1027 1543 257 1 1
183 49 566 567 50 568 1744 574 569 575 204 1 1
184 63 650 651 64 654 1745 660 655 661 259 1 1
185 255 1541 1540 252 619 1746 617 618 616 57 1 1
186 249 1453 1452 204 577 1747 575 576 574 50 1 1
187 124 1014 1015 256 1005 1748 1007 1004 1006 123 1 1
188 203 563 562 48 1448 1749 564 1449 565 248 1 1
189 52 584 585 53 586 1750 592 587 593 205 1 1
190 127 1032 1033 254 1023 1751 1025 1022 1024 126 1 1
191 60 632 633 61 636 1752 642 637 643 257 1 1
192 250 1455 1454 205 595 1753 593 594 592 53 1 1
193 55 602 603 56 604 1754 610 605 611 206 1 1
194 132 1060 1061 250 1062 1755 1538 1063 1539 253 1 1
195 130 1050 1051 252 1041 1756 1043 1040 1042 129 1 1
196 252 1459 1458 206 613 1757 611 612 610 56 1 1
197 253 1539 1538 250 601 1758 599 600 598 54 1 1
198 253 607 606 55 1461 1759 604 1460 605 206 1 1
199 129 1042 1043 252 1044 1760 1540 1045 1541 255 1 1
200 251 589 588 52 1457 1761 586 1456 587 205 1 1
201 58 620 621 59 622 1762 628 623 629 207 1 1
202 251 1537 1536 249 583 1763 581 582 580 51 1 1
203 135 1078 1079 249 1080 1764 1536 1081 1537 251 1 1
204 254 1463 1462 207 631 1765 629 630 628 59 1 1
205 61 638 639 62 640 1766 646 641 647 208 1 1
206 54 596 597 55 600 1767 606 601 607 253 1 1
207 136 1086 1087 249 1077 1768 1079 1076 1078 135 1 1
208 256 1467 1466 208 649 1769 647 648 646 62 1 1
209 133 1068 1069 250 1059 1770 1061 1058 1060 132 1 1
210 257 643 642 61 1469 1771 640 1468 641 208 1 1
211 64 656 657 65 658 1772 664 659 665 209 1 1
212 137 1092 1093 248 1090 1773 1451 1091 1450 204 1 1
213 49 568 569 204 570 1774 1450 571 1451 248 1 1
214 258 1471 1470 209 667 1775 665 666 664 65 1 1
215 68 680 681 69 684 1776 688 685 689 260 1 1
216 47 556 557 203 558 1777 1446 559 1447 247 1 1
217 246 1535 1534 243 529 1778 527 528 526 42 1 1
218 260 1475 1474 210 685 1779 683 684 682 68 1 1
219 139 1104 1105 247 1102 1780 1447 1103 1446 203 1 1
220 261 679 678 67 1477 1781 676 1476 677 210 1 1
221 51 578 579 52 582 1782 588 583 589 251 1 1
222 259 661 660 64 1473 1783 658 1472 659 209 1 1
223 57 614 615 58 618 1784 624 619 625 255 1 1
224 255 625 624 58 1465 1785 622 1464 623 207 1 1
225 70 692 693 71 694 1786 700 695 701 211 1 1
226 202 1115 1114 141 1442 1787 1116 1443 1117 245 1 1
227 72 704 705 73 706 1788 712 707 713 212 1 1
228 244 1533 1532 241 511 1789 509 510 508 39 1 1
229 147 1150 1151 241 1152 1790 1532 1153 1533 244 1 1
230 264 1485 1484 212 715 1791 713 714 712 73 1 1
231 44 540 541 245 538 1792 1439 539 1438 201 1 1
232 211 701 700 71 1478 1793 702 1479 703 262 1 1
233 75 722 723 76 724 1794 730 725 731 213 1 1
234 42 524 525 43 528 1795 534 529 535 246 1 1
235 242 1531 1530 239 493 1796 491 492 490 36 1 1
236 265 1487 1486 213 733 1797 731 732 730 76 1 1
237 78 740 741 79 742 1798 748 743 749 214 1 1
238 148 1158 1159 241 1149 1799 1151 1148 1150 147 1 1
239 39 506 507 40 510 1800 516 511 517 244 1 1
240 267 1491 1490 214 751 1801 749 750 748 79 1 1
241 150 1168 1169 239 1170 1802 1530 1171 1531 242 1 1
242 268 745 744 78 1493 1803 742 1492 743 214 1 1
243 145 1140 1141 243 1131 1804 1133 1130 1132 144 1 1
244 266 727 726 75 1489 1805 724 1488 725 213 1 1
245 82 764 765 83 768 1806 772 769 773 269 1 1
246 153 1186 1187 237 1188 1807 1528 1189 1529 240 1 1
247 151 1176 1177 239 1167 1808 1169 1166 1168 150 1 1
248 269 1495 1494 215 769 1809 767 768 766 82 1 1
249 84 776 777 85 778 1810 784 779 785 216 1 1
250 238 1527 1526 235 457 1811 455 456 454 30 1 1
251 156 1204 1205 235 1206 1812 1526 1207 1527 238 1 1
252 271 1499 1498 216 787 1813 785 786 784 85 1 1
253 36 488 489 37 492 1814 498 493 499 242 1 1
254 272 781 780 84 1501 1815 778 1500 779 216 1 1
255 88 800 801 89 804 1816 808 805 809 273 1 1
256 33 470 471 34 474 1817 480 475 481 240 1 1
257 236 1525 1524 233 439 1818 437 438 436 27 1 1
258 273 1503 1502 217 805 1819 803 804 802 88 1 1
259 275 1507 1506 218 823 1820 821 822 820 91 1 1
260 157 1212 1213 235 1203 1821 1205 1202 1204 156 1 1
261 30 452 453 31 456 1822 462 457 463 238 1 1
262 92 824 825 93 826 1823 832 827 833 275 1 1
263 159 1222 1223 233 1224 1824 1524 1225 1525 236 1 1
264 276 817 816 90 1509 1825 814 1508 815 218 1 1
265 154 1194 1195 237 1185 1826 1187 1184 1186 153 1 1
266 274 799 798 87 1505 1827 796 1504 797 217 1 1
267 240 1529 1528 237 475 1828 473 474 472 33 1 1
268 270 763 762 81 1497 1829 760 1496 761 215 1 1
269 144 1132 1133 243 1134 1830 1534 1135 1535 246 1 1
270 263 697 696 70 1481 1831 694 1480 695 211 1 1
271 73 710 711 74 714 1832 718 715 719 264 1 1
272 140 1110 1111 247 1101 1833 1105 1100 1104 139 1 1
273 76 728 729 77 732 1834 736 733 737 265 1 1
274 138 1098 1099 248 1089 1835 1093 1088 1092 137 1 1
275 249 1087 1086 136 1453 1836 1084 1452 1085 204 1 1
276 111 934 935 213 927 1837 929 926 928 110 1 1
277 138 1096 1097 203 1098 1838 1448 1099 1449 248 1 1
278 114 952 953 212 945 1839 947 944 946 113 1 1
279 108 916 917 214 909 1840 911 908 910 107 1 1
280 135 1080 1081 251 1071 1841 1075 1070 1074 134 1 1
281 250 1069 1068 133 1455 1842 1066 1454 1067 205 1 1
282 104 890 891 105 892 1843 898 893 899 215 1 1
283 85 782 783 86 786 1844 790 787 791 271 1 1
284 132 1062 1063 253 1053 1845 1057 1052 1056 131 1 1
285 252 1051 1050 130 1459 1846 1048 1458 1049 206 1 1
286 102 880 881 216 873 1847 875 872 874 101 1 1
287 253 1461 1460 206 1057 1848 1055 1056 1054 131 1 1
288 105 896 897 106 900 1849 906 901 907 270 1 1
289 251 1457 1456 205 1075 1850 1073 1074 1072 134 1 1
290 79 746 747 80 750 1851 754 751 755 267 1 1
291 99 860 861 100 864 1852 870 865 871 274 1 1
292 129 1044 1045 255 1035 1853 1039 1034 1038 128 1 1
293 254 1033 1032 127 1463 1854 1030 1462 1031 207 1 1
294 95 836 837 96 838 1855 844 839 845 218 1 1
295 5 302 303 6 306 1856 312 307 313 222 1 1
296 126 1026 1027 257 1017 1857 1021 1016 1020 125 1 1
297 256 1015 1014 124 1467 1858 1012 1466 1013 208 1 1
298 182 1362 1363 219 1353 1859 1355 1352 1354 181 1 1
299 257 1469 1468 208 1021 1860 1019 1020 1018 125 1 1
300 96 842 843 97 846 1861 852 847 853 276 1 1
301 3 294 295 220 283 1862 287 282 286 2 1 1
302 123 1008 1009 259 999 1863 1003 998 1002 122 1 1
303 258 997 996 121 1471 1864 994 1470 995 209 1 1
304 8 320 321 9 324 1865 330 325 331 224 1 1
305 181 1354 1355 219 1356 1866 1510 1357 1511 222 1 1
306 67 674 675 68 676 1867 682 677 683 210 1 1
307 260 979 978 118 1475 1868 976 1474 977 210 1 1
308 222 1511 1510 219 307 1869 305 306 304 5 1 1
309 261 1477 1476 210 985 1870 983 984 982 119 1 1
310 179 1344 1345 221 1335 1871 1337 1334 1336 178 1 1
311 259 1473 1472 209 1003 1872 1001 1002 1000 122 1 1
312 277 1513 1512 220 1375 1873 1373 1374 1372 184 1 1
313 255 1465 1464 207 1039 1874 1037 1038 1036 128 1 1
314 98 854 855 99 856 1875 862 857 863 217 1 1
315 176 1326 1327 223 1317 1876 1319 1316 1318 175 1 1
316 117 972 973 263 963 1877 967 962 966 116 1 1
317 262 961 960 115 1479 1878 958 1478 959 211 1 1
318 178 1336 1337 221 1338 1879 1514 1339 1515 224 1 1
319 14 356 357 15 360 1880 366 361 367 228 1 1
320 264 949 948 113 1485 1881 946 1484 947 212 1 1
321 111 936 937 266 934 1882 1489 935 1488 213 1 1
322 173 1308 1309 225 1299 1883 1301 1298 1300 172 1 1
323 262 955 954 114 961 1884 950 960 951 115 1 1
324 224 1515 1514 221 325 1885 323 324 322 8 1 1
325 265 931 930 110 1487 1886 928 1486 929 213 1 1
326 111 932 933 112 936 1887 942 937 943 266 1 1
327 98 856 857 217 858 1888 1502 859 1503 273 1 1
328 267 913 912 107 1491 1889 910 1490 911 214 1 1
329 16 372 373 227 370 1890 1399 371 1398 191 1 1
330 108 918 919 268 916 1891 1493 917 1492 214 1 1
331 109 924 925 268 915 1892 919 914 918 108 1 1
332 192 1283 1282 169 1402 1893 1284 1403 1285 227 1 1
333 217 797 796 87 803 1894 794 802 795 88 1 1
334 226 1517 1516 223 343 1895 341 342 340 11 1 1
335 116 966 967 263 964 1896 1481 965 1480 211 1 1
336 175 1318 1319 223 1320 1897 1516 1321 1517 226 1 1
337 228 1519 1518 225 361 1898 359 360 358 14 1 1
338 105 900 901 270 898 1899 1497 899 1496 215 1 1
339 81 758 759 82 760 1900 766 761 767 215 1 1
340 19 386 387 20 390 1901 396 391 397 231 1 1
341 22 406 407 194 408 1902 1410 409 1411 230 1 1
342 102 882 883 272 880 1903 1501 881 1500 216 1 1
343 103 888 889 272 879 1904 883 878 882 102 1 1
344 164 1254 1255 230 1252 1905 1411 1253 1410 194 1 1
345 104 892 893 215 894 1906 1494 895 1495 269 1 1
346 168 1278 1279 229 1269 1907 1271 1268 1270 167 1 1
347 231 1521 1520 229 391 1908 389 390 388 19 1 1
348 99 864 865 274 862 1909 1505 863 1504 217 1 1
349 183 1366 1367 187 1359 1910 1361 1358 1360 182 1 1
350 24 416 417 25 420 1911 426 421 427 234 1 1
351 27 434 435 28 438 1912 444 439 445 236 1 1
352 90 812 813 91 814 1913 820 815 821 218 1 1
353 94 834 835 95 829 1914 831 828 830 93 1 1
354 160 1230 1231 233 1221 1915 1223 1220 1222 159 1 1
355 276 1509 1508 218 847 1916 845 846 844 96 1 1
356 163 1248 1249 232 1239 1917 1241 1238 1240 162 1 1
357 101 874 875 216 876 1918 1498 877 1499 271 1 1
358 167 1270 1271 229 1272 1919 1520 1273 1521 231 1 1
359 162 1240 1241 232 1242 1920 1522 1243 1523 234 1 1
360 172 1300 1301 225 1302 1921 1518 1303 1519 228 1 1
361 218 1506 1507 275 839 1922 841 838 840 95 1 1
362 11 338 339 12 342 1923 348 343 349 226 1 1
363 234 1523 1522 232 421 1924 419 420 418 24 1 1
364 46 552 553 247 550 1925 1445 551 1444 202 1 1
365 257 1543 1542 254 637 1926 635 636 634 60 1 1
366 116 964 965 211 957 1927 959 956 958 115 1 1

FORCE NODE FX FY
1 93 0.00 -160.00

DISP. NODE DOF VALUE
1 1 'BOTH' 0.00
2 186 'BOTH' 0.00
3 185 'BOTH' 0.00