NODES: 283
MATERIALS: 1
THICKNESSES: 1
ELEMENTS_T3: 472
ELEMENTS_T6: 0
ELEMENTS_T10: 0                 
FORCES: 1
PRESSURES: 0
DISPLACEMENTS: 2

NODE X Y
1 -5.00000000 -0.50000000
2 -4.76190476 -0.50000000
3 -4.52380952 -0.50000000
4 -4.28571429 -0.50000000
5 -4.04761905 -0.50000000
6 -3.80952381 -0.50000000
7 -3.57142857 -0.50000000
8 -3.33333333 -0.50000000
9 -3.09523810 -0.50000000
10 -2.85714286 -0.50000000
11 -2.61904762 -0.50000000
12 -2.38095238 -0.50000000
13 -2.14285714 -0.50000000
14 -1.90476190 -0.50000000
15 -1.66666667 -0.50000000
16 -1.42857143 -0.50000000
17 -1.19047619 -0.50000000
18 -0.95238095 -0.50000000
19 -0.71428571 -0.50000000
20 -0.47619048 -0.50000000
21 -0.23809524 -0.50000000
22 0.00000000 -0.50000000
23 0.23809524 -0.50000000
24 0.47619048 -0.50000000
25 0.71428571 -0.50000000
26 0.95238095 -0.50000000
27 1.19047619 -0.50000000
28 1.42857143 -0.50000000
29 1.66666667 -0.50000000
30 1.90476190 -0.50000000
31 2.14285714 -0.50000000
32 2.38095238 -0.50000000
33 2.61904762 -0.50000000
34 2.85714286 -0.50000000
35 3.09523810 -0.50000000
36 3.33333333 -0.50000000
37 3.57142857 -0.50000000
38 3.80952381 -0.50000000
39 4.04761905 -0.50000000
40 4.28571429 -0.50000000
41 4.52380952 -0.50000000
42 4.76190476 -0.50000000
43 5.00000000 -0.50000000
44 5.00000000 -0.25000000
45 5.00000000 0.00000000
46 5.00000000 0.25000000
47 5.00000000 0.50000000
48 4.76190476 0.50000000
49 4.52380952 0.50000000
50 4.28571429 0.50000000
51 4.04761905 0.50000000
52 3.80952381 0.50000000
53 3.57142857 0.50000000
54 3.33333333 0.50000000
55 3.09523810 0.50000000
56 2.85714286 0.50000000
57 2.61904762 0.50000000
58 2.38095238 0.50000000
59 2.14285714 0.50000000
60 1.90476190 0.50000000
61 1.66666667 0.50000000
62 1.42857143 0.50000000
63 1.19047619 0.50000000
64 0.95238095 0.50000000
65 0.71428571 0.50000000
66 0.47619048 0.50000000
67 0.23809524 0.50000000
68 0.00000000 0.50000000
69 -0.23809524 0.50000000
70 -0.47619048 0.50000000
71 -0.71428571 0.50000000
72 -0.95238095 0.50000000
73 -1.19047619 0.50000000
74 -1.42857143 0.50000000
75 -1.66666667 0.50000000
76 -1.90476190 0.50000000
77 -2.14285714 0.50000000
78 -2.38095238 0.50000000
79 -2.61904762 0.50000000
80 -2.85714286 0.50000000
81 -3.09523810 0.50000000
82 -3.33333333 0.50000000
83 -3.57142857 0.50000000
84 -3.80952381 0.50000000
85 -4.04761905 0.50000000
86 -4.28571429 0.50000000
87 -4.52380952 0.50000000
88 -4.76190476 0.50000000
89 -5.00000000 0.50000000
90 -5.00000000 0.25000000
91 -5.00000000 0.00000000
92 -5.00000000 -0.25000000
93 -4.40476190 -0.07792283
94 -3.69047619 -0.07792283
95 -2.97619048 -0.07792283
96 -2.02380952 -0.07792283
97 -1.30952381 -0.07792283
98 -0.59523810 -0.07792283
99 0.35714286 -0.07792283
100 1.07142857 -0.07792283
101 1.78571429 -0.07792283
102 2.50000000 -0.07792283
103 3.21428571 -0.07792283
104 3.92857143 -0.07792283
105 4.64285714 -0.14824263
106 -4.64285714 0.17425426
107 -4.64285714 -0.23859502
108 -4.40476190 -0.30575021
109 -4.16666667 0.17425426
110 -3.69047619 -0.30575021
111 -3.45238095 0.17425426
112 -2.73809524 -0.23859502
113 -2.73809524 0.17425426
114 -3.21428571 -0.23859502
115 -2.97619048 -0.30575021
116 -2.26190476 0.17425426
117 -2.26190476 -0.23859502
118 -2.02380952 -0.30575021
119 -1.78571429 0.17425426
120 -1.54761905 -0.23859502
121 -1.30952381 -0.30575021
122 -1.07142857 0.17425426
123 -0.83333333 -0.23859502
124 -0.59523810 -0.30575021
125 -0.35714286 0.17425426
126 0.11904762 0.17425426
127 0.11904762 -0.23859502
128 0.35714286 -0.30575021
129 0.59523810 0.17425426
130 1.30952381 -0.23859502
131 1.30952381 0.17425426
132 0.83333333 -0.23859502
133 1.07142857 -0.30575021
134 1.78571429 -0.30575021
135 2.02380952 0.17425426
136 2.26190476 -0.23859502
137 2.50000000 -0.30575021
138 2.73809524 0.17425426
139 2.97619048 -0.23859502
140 3.21428571 -0.30575021
141 3.45238095 0.17425426
142 4.16666667 -0.23859502
143 4.16666667 0.17425426
144 3.69047619 -0.23859502
145 3.92857143 -0.30575021
146 4.64285714 -0.34426636
147 4.82889522 -0.32542175
148 4.41478695 -0.24625449
149 4.84272583 -0.12500000
150 4.77233972 0.12500000
151 -4.40476190 0.27186610
152 -4.64285714 0.35888081
153 -4.82738723 0.32398558
154 -4.84426000 0.12500000
155 -4.80089042 -0.08855482
156 -4.16666667 -0.29343610
157 -4.16666667 0.35888081
158 -3.92373867 0.26656753
159 -3.45238095 -0.29343610
160 -3.45238095 0.35888081
161 -3.68270026 0.28535796
162 -3.20945296 0.26656753
163 -2.50000000 -0.28797349
164 -2.73809524 0.35888081
165 -2.96841455 0.28535796
166 -2.50000000 0.26656753
167 -2.02380952 0.27186610
168 -2.26190476 0.35888081
169 -1.78571429 -0.29343610
170 -1.78571429 0.35888081
171 -1.54278629 0.26656753
172 -1.07142857 -0.29343610
173 -1.07142857 0.35888081
174 -1.30174788 0.28535796
175 -0.82850058 0.26656753
176 -0.35714286 -0.29343610
177 -0.35714286 0.35888081
178 -0.58746217 0.28535796
179 -0.11904762 0.26656753
180 0.35714286 0.27186610
181 0.11904762 0.35888081
182 0.59523810 -0.29343610
183 0.59523810 0.35888081
184 0.83816609 0.26656753
185 1.30952381 0.35888081
186 1.07920450 0.28535796
187 1.55245180 0.26656753
188 2.02380952 -0.29343610
189 1.55894852 -0.19183652
190 2.02380952 0.35888081
191 1.79349021 0.28535796
192 2.26673752 0.26656753
193 2.73809524 -0.29343610
194 2.73809524 0.35888081
195 2.50777593 0.28535796
196 2.98102323 0.26656753
197 3.45238095 -0.29343610
198 3.45238095 0.35888081
199 3.22206164 0.28535796
200 3.69530895 0.26656753
201 4.16666667 0.35888081
202 3.93634735 0.28535796
203 4.40959466 0.26656753
204 4.29721736 -0.03217038
205 4.28767463 -0.34129674
206 4.64285714 0.30904213
207 -3.92857143 -0.29380315
208 -3.38087964 -0.05959092
209 -3.78996439 0.10593031
210 -3.90828378 -0.07694023
211 -3.60992352 0.08451106
212 -2.42888299 -0.03217038
213 -3.07567868 0.10593031
214 -3.26253821 0.08633920
215 -2.89563780 0.08451106
216 -2.79521002 -0.06648254
217 -2.60733118 -0.09966865
218 -1.71421298 -0.05959092
219 -0.99992726 -0.05959092
220 -1.40901201 0.10593031
221 -1.59587154 0.08633920
222 -1.22897113 0.08451106
223 -0.11904762 -0.29380315
224 -0.69472630 0.10593031
225 -0.88158583 0.08633920
226 -0.51468542 0.08451106
227 -0.38253723 -0.08221302
228 0.66673940 -0.05959092
229 0.97194037 0.10593031
230 0.78508084 0.08633920
231 1.15198125 0.08451106
232 1.25240903 -0.06648254
233 2.09531083 -0.05959092
234 1.54761905 -0.36870483
235 1.68622609 0.10593031
236 1.86626696 0.08451106
237 2.80959655 -0.05959092
238 2.40051180 0.10593031
239 2.21365227 0.08633920
240 2.58055267 0.08451106
241 3.52388226 -0.05959092
242 3.11479751 0.10593031
243 2.92793798 0.08633920
244 3.29483839 0.08451106
245 3.82908323 0.10593031
246 3.64222370 0.08633920
247 4.00912410 0.08451106
248 4.10955189 -0.06648254
249 4.82903950 0.32555916
250 -3.53137485 -0.14142882
251 -1.87422745 0.01933634
252 -1.15042247 -0.14142882
253 -0.05426520 -0.03217038
254 0.50672493 0.01933634
255 1.46288263 0.01072626
256 1.94481563 -0.14142882
257 2.65910134 -0.14142882
258 3.37338706 -0.14142882
259 -4.81913480 -0.31612611
260 -4.47211704 0.09697164
261 -4.62566170 -0.01500487
262 -2.09116466 0.09697164
263 -2.21511562 -0.05118129
264 0.28978772 0.09697164
265 0.13586701 -0.01583569
266 -3.99610602 0.09121007
267 -4.17394247 -0.05736463
268 -4.30090538 0.06254735
269 -4.04881368 -0.17165598
270 -2.41654900 0.12859978
271 -2.58133728 0.12314805
272 -3.15865456 -0.06428400
273 -1.49198789 -0.06428400
274 -0.77770218 -0.06428400
275 0.88896449 -0.06428400
276 2.31753592 -0.06428400
277 3.03182163 -0.06428400
278 3.74610735 -0.06428400
279 -0.03573576 0.12824091
280 -0.20044128 0.12329346
281 -0.20680882 -0.13323604
282 4.54085997 0.06739170
283 4.45982374 -0.08219624

MAT. YOUNG M. POISSON C. DENSITY
1 1000.00 0.20 0.00

THICK. VALUE
1 1.00

ELEM.T3 NODES MAT. THICK.
1 2 259 1 1 1
2 196 55 56 1 1
3 107 2 3 1 1
4 136 137 102 1 1
5 193 33 34 1 1
6 88 152 87 1 1
7 193 257 137 1 1
8 107 3 108 1 1
9 210 269 207 1 1
10 6 110 207 1 1
11 136 102 276 1 1
12 7 110 6 1 1
13 9 115 114 1 1
14 188 256 134 1 1
15 189 134 101 1 1
16 9 114 8 1 1
17 192 58 59 1 1
18 10 11 112 1 1
19 236 256 233 1 1
20 3 4 108 1 1
21 12 13 117 1 1
22 132 133 100 1 1
23 130 133 27 1 1
24 112 95 115 1 1
25 168 77 78 1 1
26 132 100 275 1 1
27 255 232 130 1 1
28 16 121 120 1 1
29 254 182 228 1 1
30 118 117 13 1 1
31 170 171 75 1 1
32 62 187 61 1 1
33 234 134 189 1 1
34 123 19 124 1 1
35 173 175 72 1 1
36 128 182 99 1 1
37 127 128 99 1 1
38 23 127 22 1 1
39 184 64 65 1 1
40 19 123 18 1 1
41 232 231 100 1 1
42 16 120 15 1 1
43 188 30 31 1 1
44 21 223 176 1 1
45 159 110 7 1 1
46 259 155 92 1 1
47 165 164 80 1 1
48 89 90 153 1 1
49 268 151 260 1 1
50 9 10 115 1 1
51 261 154 155 1 1
52 157 158 85 1 1
53 169 118 14 1 1
54 152 151 87 1 1
55 87 151 86 1 1
56 16 17 121 1 1
57 19 20 124 1 1
58 160 83 161 1 1
59 158 161 84 1 1
60 176 124 20 1 1
61 86 157 85 1 1
62 121 17 172 1 1
63 160 82 83 1 1
64 13 14 118 1 1
65 182 128 24 1 1
66 162 82 160 1 1
67 162 165 81 1 1
68 186 185 63 1 1
69 29 30 134 1 1
70 79 166 78 1 1
71 168 167 77 1 1
72 188 134 30 1 1
73 164 79 80 1 1
74 26 27 133 1 1
75 137 33 193 1 1
76 75 76 170 1 1
77 173 73 174 1 1
78 35 36 140 1 1
79 202 201 51 1 1
80 72 73 173 1 1
81 177 70 178 1 1
82 38 39 145 1 1
83 174 74 171 1 1
84 197 140 36 1 1
85 167 76 77 1 1
86 32 33 137 1 1
87 178 71 175 1 1
88 23 24 128 1 1
89 70 177 69 1 1
90 156 108 4 1 1
91 181 67 68 1 1
92 253 223 127 1 1
93 26 132 25 1 1
94 253 280 281 1 1
95 179 69 177 1 1
96 27 28 130 1 1
97 264 126 265 1 1
98 26 133 132 1 1
99 130 100 133 1 1
100 227 124 176 1 1
101 123 124 98 1 1
102 185 187 62 1 1
103 32 136 31 1 1
104 222 252 219 1 1
105 123 98 274 1 1
106 190 192 59 1 1
107 176 20 21 1 1
108 32 137 136 1 1
109 254 180 264 1 1
110 28 29 234 1 1
111 34 35 139 1 1
112 172 252 121 1 1
113 120 121 97 1 1
114 194 196 56 1 1
115 38 144 37 1 1
116 251 169 218 1 1
117 120 97 273 1 1
118 40 205 39 1 1
119 172 17 18 1 1
120 38 145 144 1 1
121 142 104 145 1 1
122 118 169 96 1 1
123 117 118 96 1 1
124 105 146 147 1 1
125 44 147 43 1 1
126 163 117 212 1 1
127 96 263 117 1 1
128 147 44 149 1 1
129 169 14 15 1 1
130 148 41 146 1 1
131 171 74 75 1 1
132 140 139 35 1 1
133 175 71 72 1 1
134 146 41 42 1 1
135 201 203 50 1 1
136 68 69 179 1 1
137 153 90 154 1 1
138 67 180 66 1 1
139 65 66 183 1 1
140 106 261 260 1 1
141 180 67 181 1 1
142 106 152 153 1 1
143 156 4 5 1 1
144 184 186 64 1 1
145 63 185 62 1 1
146 107 108 93 1 1
147 158 84 85 1 1
148 187 191 61 1 1
149 59 60 190 1 1
150 159 7 8 1 1
151 60 191 190 1 1
152 156 93 108 1 1
153 65 183 184 1 1
154 1 259 92 1 1
155 159 250 110 1 1
156 192 195 58 1 1
157 56 57 194 1 1
158 162 81 82 1 1
159 199 55 196 1 1
160 199 198 54 1 1
161 54 198 53 1 1
162 262 251 167 1 1
163 194 57 195 1 1
164 163 11 12 1 1
165 112 11 163 1 1
166 200 53 198 1 1
167 200 202 52 1 1
168 114 95 272 1 1
169 112 115 10 1 1
170 50 203 49 1 1
171 48 249 47 1 1
172 114 115 95 1 1
173 201 50 51 1 1
174 211 250 208 1 1
175 166 79 164 1 1
176 216 215 95 1 1
177 105 149 150 1 1
178 156 5 207 1 1
179 163 212 217 1 1
180 23 128 127 1 1
181 182 24 25 1 1
182 45 150 149 1 1
183 139 103 277 1 1
184 240 257 237 1 1
185 197 36 37 1 1
186 139 140 103 1 1
187 197 258 140 1 1
188 200 52 53 1 1
189 205 41 148 1 1
190 282 105 150 1 1
191 247 104 248 1 1
192 142 148 204 1 1
193 144 104 278 1 1
194 244 258 241 1 1
195 142 145 39 1 1
196 144 145 104 1 1
197 147 146 42 1 1
198 148 146 105 1 1
199 43 147 42 1 1
200 44 45 149 1 1
201 204 148 283 1 1
202 148 142 205 1 1
203 150 45 46 1 1
204 105 147 149 1 1
205 249 46 47 1 1
206 206 48 49 1 1
207 260 151 106 1 1
208 157 151 109 1 1
209 153 152 88 1 1
210 151 152 106 1 1
211 89 153 88 1 1
212 90 91 154 1 1
213 155 154 91 1 1
214 106 153 154 1 1
215 92 155 91 1 1
216 93 260 261 1 1
217 6 207 5 1 1
218 267 266 109 1 1
219 151 157 86 1 1
220 157 109 158 1 1
221 207 110 210 1 1
222 211 161 209 1 1
223 8 114 159 1 1
224 159 114 208 1 1
225 83 84 161 1 1
226 160 111 162 1 1
227 209 161 158 1 1
228 111 160 161 1 1
229 111 208 214 1 1
230 215 165 213 1 1
231 12 117 163 1 1
232 263 96 262 1 1
233 80 81 165 1 1
234 166 164 113 1 1
235 213 165 162 1 1
236 113 164 165 1 1
237 271 216 217 1 1
238 166 116 168 1 1
239 262 167 116 1 1
240 170 167 119 1 1
241 166 168 78 1 1
242 167 168 116 1 1
243 15 120 169 1 1
244 169 120 218 1 1
245 167 170 76 1 1
246 170 119 171 1 1
247 119 218 221 1 1
248 222 174 220 1 1
249 18 123 172 1 1
250 172 123 219 1 1
251 73 74 174 1 1
252 173 122 175 1 1
253 220 174 171 1 1
254 122 173 174 1 1
255 122 219 225 1 1
256 226 178 224 1 1
257 21 22 223 1 1
258 98 227 226 1 1
259 70 71 178 1 1
260 179 177 125 1 1
261 224 178 175 1 1
262 125 177 178 1 1
263 280 227 281 1 1
264 179 126 181 1 1
265 264 180 126 1 1
266 183 180 129 1 1
267 179 181 68 1 1
268 180 181 126 1 1
269 25 132 182 1 1
270 182 132 228 1 1
271 180 183 66 1 1
272 183 129 184 1 1
273 129 228 230 1 1
274 231 186 229 1 1
275 63 64 186 1 1
276 185 131 187 1 1
277 229 186 184 1 1
278 131 185 186 1 1
279 131 232 255 1 1
280 236 191 235 1 1
281 31 136 188 1 1
282 188 136 233 1 1
283 101 235 189 1 1
284 234 130 28 1 1
285 60 61 191 1 1
286 190 135 192 1 1
287 235 191 187 1 1
288 135 190 191 1 1
289 135 233 239 1 1
290 240 195 238 1 1
291 34 139 193 1 1
292 193 139 237 1 1
293 57 58 195 1 1
294 194 138 196 1 1
295 238 195 192 1 1
296 138 194 195 1 1
297 138 237 243 1 1
298 244 199 242 1 1
299 37 144 197 1 1
300 197 144 241 1 1
301 54 55 199 1 1
302 198 141 200 1 1
303 242 199 196 1 1
304 141 198 199 1 1
305 141 241 246 1 1
306 247 202 245 1 1
307 51 52 202 1 1
308 201 143 203 1 1
309 245 202 200 1 1
310 143 201 202 1 1
311 143 247 248 1 1
312 150 46 249 1 1
313 283 105 282 1 1
314 203 143 204 1 1
315 39 205 142 1 1
316 41 205 40 1 1
317 49 203 206 1 1
318 282 206 203 1 1
319 94 210 110 1 1
320 94 209 210 1 1
321 213 214 272 1 1
322 208 111 211 1 1
323 266 158 109 1 1
324 211 209 94 1 1
325 266 209 158 1 1
326 267 269 266 1 1
327 211 94 250 1 1
328 161 211 111 1 1
329 116 166 270 1 1
330 166 271 270 1 1
331 214 213 162 1 1
332 215 213 95 1 1
333 111 214 162 1 1
334 272 208 114 1 1
335 216 95 112 1 1
336 165 215 113 1 1
337 217 216 112 1 1
338 113 215 216 1 1
339 163 217 112 1 1
340 212 270 271 1 1
341 220 221 273 1 1
342 251 218 119 1 1
343 224 225 274 1 1
344 219 122 222 1 1
345 221 220 171 1 1
346 222 220 97 1 1
347 119 221 171 1 1
348 273 218 120 1 1
349 222 97 252 1 1
350 174 222 122 1 1
351 22 127 223 1 1
352 99 264 265 1 1
353 225 224 175 1 1
354 226 224 98 1 1
355 122 225 175 1 1
356 274 219 123 1 1
357 98 124 227 1 1
358 178 226 125 1 1
359 281 176 223 1 1
360 125 226 227 1 1
361 229 230 275 1 1
362 254 228 129 1 1
363 230 229 184 1 1
364 231 229 100 1 1
365 129 230 184 1 1
366 275 228 132 1 1
367 232 100 130 1 1
368 186 231 131 1 1
369 255 130 189 1 1
370 131 231 232 1 1
371 238 239 276 1 1
372 233 135 236 1 1
373 134 234 29 1 1
374 130 234 189 1 1
375 187 131 255 1 1
376 236 235 101 1 1
377 236 101 256 1 1
378 191 236 135 1 1
379 242 243 277 1 1
380 237 138 240 1 1
381 239 238 192 1 1
382 240 238 102 1 1
383 135 239 192 1 1
384 276 233 136 1 1
385 240 102 257 1 1
386 195 240 138 1 1
387 245 246 278 1 1
388 241 141 244 1 1
389 243 242 196 1 1
390 244 242 103 1 1
391 138 243 196 1 1
392 277 237 139 1 1
393 244 103 258 1 1
394 199 244 141 1 1
395 246 245 200 1 1
396 247 245 104 1 1
397 141 246 200 1 1
398 278 241 144 1 1
399 104 142 248 1 1
400 202 247 143 1 1
401 142 204 248 1 1
402 143 248 204 1 1
403 48 206 249 1 1
404 150 249 206 1 1
405 110 250 94 1 1
406 159 208 250 1 1
407 167 251 119 1 1
408 169 251 96 1 1
409 121 252 97 1 1
410 172 219 252 1 1
411 126 179 279 1 1
412 179 280 279 1 1
413 180 254 129 1 1
414 182 254 99 1 1
415 189 235 255 1 1
416 187 255 235 1 1
417 134 256 101 1 1
418 188 233 256 1 1
419 137 257 102 1 1
420 193 237 257 1 1
421 140 258 103 1 1
422 197 241 258 1 1
423 2 107 259 1 1
424 155 259 107 1 1
425 106 154 261 1 1
426 93 267 268 1 1
427 155 107 261 1 1
428 93 261 107 1 1
429 116 270 263 1 1
430 251 262 96 1 1
431 116 263 262 1 1
432 212 117 263 1 1
433 126 279 265 1 1
434 254 264 99 1 1
435 253 127 265 1 1
436 99 265 127 1 1
437 268 267 109 1 1
438 209 266 210 1 1
439 93 156 267 1 1
440 269 267 156 1 1
441 151 268 109 1 1
442 93 268 260 1 1
443 207 269 156 1 1
444 266 269 210 1 1
445 271 166 113 1 1
446 263 270 212 1 1
447 216 271 113 1 1
448 212 271 217 1 1
449 213 272 95 1 1
450 208 272 214 1 1
451 220 273 97 1 1
452 218 273 221 1 1
453 224 274 98 1 1
454 219 274 225 1 1
455 229 275 100 1 1
456 228 275 230 1 1
457 238 276 102 1 1
458 233 276 239 1 1
459 242 277 103 1 1
460 237 277 243 1 1
461 245 278 104 1 1
462 241 278 246 1 1
463 280 179 125 1 1
464 265 279 253 1 1
465 227 280 125 1 1
466 253 279 280 1 1
467 176 281 227 1 1
468 223 253 281 1 1
469 206 282 150 1 1
470 204 282 203 1 1
471 105 283 148 1 1
472 282 204 283 1 1

FORCE NODE FX FY
1 47 0.00 -0.0050

DISP. NODE DOF VALUE
1 89 'BOTH' 0.00
2 1 'X' 0.00

