         1
         6
        18
        23
        26
        29
        34
        39
        46
        50
        54
        61
        65
        79
        84
        88
        92
        97
       102
       107
       115
       119
       123
       130
       140
       151
       158
       165
       172
       179
       186
       193
       200
       207
       211
       217
       222
       228
       233
       238
       243
       249
       254
       259
       264
       269
       274
       279
       284
       291
       298
       307
       314
       321
       328
       337
       344
       351
       358
       366
       373
       380
       387
       394
       401
       410
       415
       419
       424
       429
       434
       439
       444
       449
       453
       464
       474
       486
       497
       506
       517
       527
       539
       549
       560
       571
       583
       594
       605
       617
       628
       640
       650
       661
       666
       672
       677
       682
       687
       692
       697
       702
       707
       712
       717
       723
       731
       738
       745
       751
       758
       765
       771
       778
       785
       791
       798
       804
       811
       818
       825
       832
       839
       846
       853
       860
       867
       874
       881
       888
       895
       902
       909
       916
       923
       930
       937
       944
       950
       957
       965
       972
       979
       985
       993
       999
      1007
      1013
      1020
      1027
      1034
      1041
      1048
      1055
      1062
      1069
      1076
      1083
      1090
      1097
      1104
      1111
      1118
      1125
      1132
      1139
      1146
      1153
      1160
      1167
      1174
      1181
      1188
      1195
      1202
      1209
      1216
      1223
      1230
      1237
      1244
      1251
      1258
      1265
      1272
      1279
      1286
      1293
      1300
      1307
      1314
      1321
      1328
      1335
      1342
      1349
      1356
      1363
      1370
      1377
      1384
      1391
      1398
      1405
      1412
      1419
      1426
      1433
      1440
      1447
      1454
      1461
      1468
      1475
      1482
      1489
      1496
      1503
      1510
      1517
      1523
      1530
      1536
      1543
      1549
      1556
      1562
      1569
      1576
      1582
      1589
      1596
      1603
      1610
      1617
      1624
      1631
      1638
      1645
      1652
      1659
      1666
      1673
      1680
      1687
      1694
      1701
      1708
      1715
      1722
      1729
      1736
      1742
      1749
      1756
      1762
      1769
      1775
      1782
      1788
      1795
      1802
      1809
      1816
      1823
      1829
      1837
      1843
      1850
      1857
      1864
      1871
      1878
      1885
      1892
      1899
      1906
      1913
      1920
      1927
      1934
      1941
      1948
      1955
      1962
      1969
      1976
      1983
      1990
      1997
      2004
      2011
      2018
      2025
      2032
      2039
      2046
      2053
      2060
      2067
      2074
      2081
      2088
      2095
      2103
      2112
      2119
      2126
      2133
      2140
      2147
      2154
      2161
      2168
      2175
      2182
      2189
      2196
      2203
      2210
      2217
      2224
      2231
      2238
      2245
      2252
      2259
      2266
      2273
      2280
      2287
      2294
      2301
      2308
      2315
      2322
      2329
      2336
      2343
      2350
      2357
      2364
      2371
      2378
      2385
      2392
      2399
      2406
      2413
      2420
      2427
      2434
      2441
      2448
      2455
      2462
      2469
      2476
      2483
      2490
      2497
      2504
      2511
      2518
      2525
      2532
      2539
      2546
      2553
      2560
      2567
      2574
      2581
      2588
      2595
      2602
      2609
      2616
      2623
      2630
      2637
      2644
      2651
      2658
      2665
      2672
      2679
      2686
      2693
      2700
      2707
      2714
      2721
      2728
      2735
      2742
      2749
      2756
      2763
      2770
      2777
      2784
      2791
      2798
      2805
      2812
      2819
      2826
      2833
      2840
      2847
      2854
      2861
      2868
      2875
      2882
      2889
      2896
      2903
      2910
      2917
      2924
      2931
      2938
      2945
      2952
      2959
      2966
      2973
      2980
      2987
      2994
      3001
      3008
      3015
      3022
      3029
      3036
      3043
      3050
      3057
      3064
      3071
      3078
      3085
      3092
      3099
      3106
      3113
      3120
      3127
      3134
      3141
      3148
      3155
      3162
      3169
      3176
      3183
      3190
      3197
      3204
      3211
      3218
      3225
      3232
      3239
      3246
      3253
      3260
      3267
      3274
      3281
      3288
      3295
      3302
      3309
      3316
      3323
      3330
      3337
      3344
      3351
      3358
      3365
      3372
      3379
      3386
      3393
      3400
      3407
      3414
      3421
      3428
      3435
      3442
      3449
      3456
      3463
      3470
      3477
      3484
      3491
      3498
      3505
      3512
      3520
      3525
      3530
      3535
      3544
      3554
      3561
      3566
      3571
      3576
      3581
      3586
      3591
      3596
      3601
      3606
      3611
      3616
      3621
      3626
      3632
      3637
      3645
      3652
      3659
      3666
      3673
      3680
      3687
      3694
      3701
      3707
      3716
      3723
      3730
      3737
      3745
      3752
      3759
      3766
      3774
      3781
      3788
      3795
      3802
      3810
      3817
      3824
      3833
      3838
      3843
      3848
      3853
      3858
      3863
      3868
      3873
      3878
      3883
      3888
      3893
      3898
      3903
      3908
      3913
      3918
      3923
      3928
      3932
      3937
      3948
      3958
      3970
      3981
      3990
      4001
      4011
      4023
      4033
      4044
      4055
      4067
      4078
      4089
      4101
      4112
      4124
      4134
      4145
      4150
      4155
      4161
      4166
      4171
      4176
      4181
      4186
      4191
      4196
      4201
      4206
      4214
      4221
      4228
      4234
      4241
      4248
      4254
      4261
      4268
      4274
      4281
      4287
      4294
      4301
      4308
      4315
      4322
      4329
      4336
      4343
      4350
      4357
      4364
      4371
      4378
      4385
      4392
      4399
      4406
      4413
      4420
      4427
      4433
      4440
      4448
      4455
      4462
      4468
      4476
      4482
      4490
      4496
      4503
      4510
      4517
      4524
      4531
      4538
      4545
      4552
      4559
      4566
      4573
      4580
      4587
      4594
      4601
      4608
      4615
      4622
      4629
      4636
      4643
      4650
      4657
      4664
      4671
      4678
      4685
      4692
      4699
      4706
      4713
      4720
      4727
      4734
      4741
      4748
      4755
      4762
      4769
      4776
      4783
      4790
      4797
      4804
      4811
      4818
      4825
      4832
      4839
      4846
      4853
      4860
      4867
      4874
      4881
      4888
      4895
      4902
      4909
      4916
      4923
      4930
      4937
      4944
      4951
      4958
      4965
      4972
      4979
      4986
      4993
      5000
      5006
      5013
      5019
      5026
      5032
      5039
      5045
      5052
      5059
      5065
      5072
      5079
      5086
      5093
      5100
      5107
      5114
      5121
      5128
      5135
      5142
      5149
      5156
      5163
      5170
      5177
      5184
      5191
      5198
      5205
      5212
      5219
      5225
      5232
      5239
      5245
      5252
      5258
      5265
      5271
      5278
      5285
      5292
      5299
      5306
      5312
      5320
      5326
      5333
      5340
      5347
      5354
      5361
      5368
      5375
      5382
      5389
      5396
      5403
      5410
      5417
      5424
      5431
      5438
      5445
      5452
      5459
      5466
      5473
      5480
      5487
      5494
      5501
      5508
      5515
      5522
      5529
      5536
      5543
      5550
      5557
      5564
      5571
      5578
      5586
      5592
      5597
      5603
      5611
      5617
      5622
      5627
      5632
      5637
      5642
      5647
      5652
      5657
      5662
      5667
      5672
      5677
      5682
      5687
      5692
      5697
      5702
      5707
      5712
      5717
      5722
      5727
      5731
      5736
      5740
      5745
      5749
      5754
      5758
      5764
      5768
      5774
      5781
      5788
      5795
      5802
      5809
      5815
      5823
      5830
      5838
      5845
      5852
      5859
      5866
      5872
      5878
      5885
      5892
      5899
      5907
      5915
      5922
      5929
      5936
      5944
      5951
      5958
      5964
      5970
      5977
      5984
      5991
      5998
      6005
      6012
      6019
      6027
      6034
      6041
      6048
      6054
      6061
      6068
      6074
      6082
      6088
      6095
      6102
      6110
      6117
      6125
      6131
      6137
      6144
      6151
      6158
      6165
      6172
      6179
      6186
      6192
      6199
      6205
      6212
      6219
      6228
      6235
      6242
      6249
      6255
      6262
      6268
      6275
      6283
      6289
      6296
      6302
      6309
      6316
      6323
      6330
      6338
      6345
      6351
      6357
      6364
      6370
      6378
      6385
      6392
      6398
      6404
      6411
      6418
      6425
      6432
      6439
      6445
      6452
      6459
      6467
      6473
      6480
      6488
      6495
      6502
      6509
      6516
      6523
      6530
      6537
      6544
      6551
      6558
      6565
      6571
      6577
      6584
      6591
      6598
      6605
      6611
      6618
      6625
      6633
      6640
      6647
      6653
      6660
      6667
      6674
      6681
      6688
      6695
      6701
      6708
      6715
      6722
      6728
      6735
      6743
      6751
      6758
      6765
      6772
      6780
      6787
      6794
      6802
      6810
      6817
      6824
      6832
      6839
      6846
      6853
      6860
      6867
      6874
      6880
      6886
      6892
      6899
      6906
      6913
      6920
      6927
      6934
      6941
      6949
      6955
      6962
      6969
      6977
      6985
      6992
      7000
      7006
      7012
      7019
      7026
      7033
      7040
      7048
      7056
      7063
      7070
      7077
      7084
      7092
      7099
      7105
      7113
      7120
      7127
      7134
      7142
      7148
      7156
      7163
      7170
      7177
      7184
      7192
      7200
      7209
      7217
      7226
      7233
      7240
      7247
      7254
      7262
      7271
      7279
      7288
      7296
      7305
      7312
      7319
      7328
      7335
      7343
      7350
      7358
      7367
      7375
      7382
      7389
      7398
      7405
      7412
      7421
      7429
      7438
      7446
      7455
      7462
      7470
      7477
      7484
      7491
      7499
      7508
      7516
      7524
      7532
      7539
      7546
      7554
      7562
      7571
      7578
      7586
      7593
      7602
      7609
      7616
      7623
      7630
      7638
      7645
      7652
      7659
      7666
      7673
      7681
      7688
      7695
      7701
      7709
      7716
      7724
      7731
      7738
      7745
      7753
      7761
      7768
      7775
      7781
      7788
      7795
      7802
      7809
      7816
      7824
      7831
      7838
      7845
      7852
      7859
      7866
      7874
      7882
      7892
      7900
      7908
      7916
      7925
      7933
      7940
      7948
      7956
      7966
      7973
      7981
      7988
      7995
      8002
      8009
      8016
      8023
      8031
      8038
      8045
      8052
      8059
      8066
      8073
      8079
      8086
      8094
      8102
      8110
      8117
      8124
      8131
      8138
      8146
      8154
      8162
      8171
      8181
      8190
      8197
      8205
      8213
      8220
      8227
      8235
      8243
      8251
      8259
      8269
      8277
      8285
      8292
      8299
      8306
      8314
      8322
      8330
      8339
      8346
      8354
      8361
      8369
      8377
      8384
      8392
      8400
      8408
      8417
      8425
      8433
      8440
      8449
      8456
      8464
      8472
      8480
      8490
      8497
      8505
      8513
      8520
      8527
      8534
      8542
      8550
      8560
      8568
      8576
      8584
      8591
      8599
      8606
      8614
      8622
      8632
      8640
      8647
      8655
      8663
      8672
      8680
      8687
      8695
      8703
      8711
      8720
      8728
      8736
      8744
      8752
      8759
      8767
      8775
      8783
      8793
      8800
      8808
      8817
      8825
      8833
      8841
      8849
      8857
      8867
      8876
      8884
      8892
      8901
      8908
      8915
      8922
      8929
      8936
      8942
      8949
      8956
      8963
      8970
      8977
      8984
      8991
      8998
      9005
      9012
      9019
      9027
      9034
      9041
      9048
      9055
      9062
      9069
      9076
      9083
      9090
      9097
      9103
      9110
      9117
      9124
      9131
      9138
      9145
      9152
      9159
      9166
      9173
      9179
      9186
      9194
      9201
      9208
      9215
      9222
      9229
      9236
      9243
      9250
      9257
      9264
      9271
      9278
      9285
      9292
      9300
      9307
      9315
      9322
      9329
      9336
      9343
      9350
      9357
      9364
      9371
      9378
      9385
      9392
      9399
      9406
      9413
      9420
      9427
      9433
      9440
      9447
      9454
      9461
      9468
      9475
      9482
      9489
      9496
      9503
      9509
      9516
      9524
      9531
      9538
      9545
      9552
      9559
      9566
      9573
      9580
      9587
      9594
      9601
      9608
      9615
      9622
      9629
      9636
      9643
      9650
      9657
      9664
      9671
      9678
      9684
      9691
      9699
      9706
      9713
      9720
      9727
      9734
      9741
      9748
      9755
      9762
      9768
      9775
      9782
      9789
      9796
      9802
      9809
      9816
      9823
      9830
      9837
      9844
      9851
      9858
      9865
      9872
      9879
      9886
      9893
      9900
      9907
      9914
      9921
      9928
      9935
      9942
      9949
      9956
      9963
      9970
      9977
      9984
      9990
      9997
     10004
     10011
     10018
     10025
     10032
     10038
     10046
     10053
     10060
     10067
     10074
     10081
     10088
     10095
     10102
     10109
     10117
     10124
     10131
     10138
     10145
     10152
     10159
     10166
     10173
     10180
     10187
     10193
     10200
     10207
     10214
     10221
     10228
     10235
     10242
     10249
     10256
     10263
     10270
     10277
     10284
     10291
     10298
     10305
     10312
     10318
     10326
     10333
     10340
     10347
     10354
     10361
     10368
     10375
     10382
     10389
     10396
     10403
     10410
     10417
     10424
     10431
     10438
     10445
     10452
     10459
     10466
     10473
     10479
     10485
     10492
     10499
     10506
     10513
     10520
     10527
     10534
     10541
     10548
     10555
     10562
     10569
     10576
     10583
     10589
     10596
     10603
     10610
     10617
     10624
     10631
     10638
     10645
     10652
     10659
     10666
     10673
     10680
     10687
     10694
     10701
     10708
     10715
     10722
     10729
     10736
     10743
     10750
     10757
     10764
     10771
     10778
     10785
     10791
     10798
     10804
     10811
     10818
     10826
     10833
     10840
     10846
     10853
     10860
     10867
     10874
     10881
     10888
     10896
     10903
     10910
     10917
     10924
     10931
     10938
     10945
     10953
     10959
     10966
     10973
     10980
     10988
     10995
     11002
     11009
     11015
     11022
     11029
     11036
     11043
     11050
     11057
     11064
     11071
     11078
     11085
     11092
     11099
     11105
     11112
     11119
     11126
     11133
     11140
     11147
     11154
     11162
     11169
     11176
     11183
     11190
     11197
     11204
     11211
     11219
     11226
     11233
     11240
     11247
     11254
     11261
     11268
     11275
     11281
     11288
     11295
     11302
     11309
     11316
     11323
     11330
     11336
     11342
     11349
     11356
     11362
     11370
     11377
     11384
     11392
     11400
     11408
     11415
     11422
     11430
     11438
     11445
     11452
     11459
     11466
     11473
     11480
     11488
     11496
     11504
     11512
     11518
     11525
     11532
     11539
     11546
     11553
     11559
     11565
     11572
     11578
     11585
     11591
     11597
     11603
     11609
     11615
     11621
     11627
     11634
     11640
     11647
     11653
     11659
     11665
     11671
     11678
     11685
     11692
     11698
     11704
     11710
     11716
     11722
     11728
     11734
     11741
     11747
     11754
     11761
     11767
     11773
     11779
     11786
     11792
     11798
     11805
     11812
     11818
     11825
     11832
     11838
     11845
     11852
     11859
     11866
     11873
     11880
     11887
     11893
     11899
     11905
     11911
     11917
     11923
     11930
     11938
     11945
     11951
     11957
     11964
     11971
     11977
     11983
     11990
     11997
     12004
     12010
     12017
     12024
     12031
     12038
     12045
     12053
     12061
     12068
     12075
     12082
     12089
     12096
     12103
     12110
     12116
     12122
     12129
     12135
     12141
     12148
     12155
     12161
     12167
     12173
     12179
     12185
     12191
     12197
     12203
     12209
     12216
     12222
     12228
     12235
     12242
     12248
     12254
     12260
     12267
     12273
     12280
     12286
     12293
     12299
     12305
     12312
     12318
     12324
     12330
     12336
     12342
     12349
     12356
     12362
     12369
     12375
     12381
     12387
     12393
     12401
     12408
     12414
     12420
     12426
     12433
     12439
     12445
     12451
     12458
     12466
     12472
     12479
     12486
     12493
     12500
     12507
     12514
     12522
     12529
     12536
     12543
     12550
     12556
     12563
     12571
     12578
     12585
     12592
     12599
     12607
     12615
     12622
     12629
     12636
     12643
     12651
     12657
     12663
     12670
     12677
     12685
     12692
     12699
     12707
     12714
     12722
     12730
     12737
     12744
     12751
     12758
     12765
     12773
     12781
     12787
     12795
     12802
     12809
     12815
     12822
     12828
     12835
     12842
     12849
     12857
     12865
     12872
     12879
     12887
     12895
     12903
     12910
     12917
     12925
     12933
     12941
     12949
     12956
     12963
     12969
     12976
     12983
     12990
     12998
     13005
     13013
     13020
     13027
     13034
     13042
     13049
     13057
     13064
     13072
     13080
     13087
     13094
     13101
     13108
     13114
     13121
     13128
     13135
     13142
     13149
     13156
     13163
     13170
     13177
     13185
     13192
     13199
     13206
     13212
     13219
     13225
     13233
     13239
     13246
     13253
     13260
     13267
     13274
     13281
     13287
     13294
     13301
     13308
     13315
     13323
     13330
     13337
     13344
     13351
     13358
     13365
     13372
     13379
     13386
     13393
     13400
     13407
     13413
     13419
     13426
     13433
     13439
     13446
     13453
     13460
     13467
     13474
     13480
     13488
     13494
     13500
     13507
     13514
     13521
     13528
     13535
     13543
     13550
     13557
     13563
     13570
     13577
     13584
     13591
     13598
     13605
     13612
     13619
     13626
     13633
     13641
     13649
     13656
     13664
     13671
     13679
     13686
     13692
     13699
     13706
     13713
     13721
     13728
     13735
     13742
     13750
     13757
     13764
     13771
     13778
     13785
     13792
     13799
     13806
     13813
     13819
     13825
     13831
     13838
     13844
     13850
     13856
     13862
     13869
     13875
     13881
     13887
     13894
     13901
     13909
     13916
     13923
     13930
     13936
     13942
     13948
     13955
     13961
     13967
     13973
     13979
     13985
     13992
     13998
     14006
     14012
     14019
     14026
     14032
     14039
     14046
     14053
     14060
     14067
     14074
     14081
     14088
     14095
     14103
     14110
     14117
     14125
     14132
     14140
     14147
     14154
     14161
     14168
     14175
     14182
     14189
     14195
     14201
     14207
     14213
     14220
     14227
     14233
     14240
     14246
     14252
     14258
     14266
     14273
     14280
     14286
     14293
     14300
     14307
     14313
     14320
     14326
     14332
     14338
     14344
     14351
     14358
     14365
     14372
     14379
     14387
     14395
     14402
     14408
     14415
     14423
     14430
     14437
     14444
     14451
     14458
     14465
     14472
     14478
     14485
     14492
     14499
     14506
     14513
     14520
     14526
     14533
     14539
     14545
     14551
     14558
     14565
     14572
     14578
     14584
     14590
     14597
     14603
     14609
     14615
     14622
     14628
     14634
     14641
     14647
     14654
     14660
     14668
     14676
     14684
     14691
     14699
     14705
     14712
     14719
     14726
     14733
     14739
     14745
     14751
     14758
     14764
     14771
     14778
     14784
     14790
     14797
     14804
     14812
     14819
     14826
     14833
     14840
     14847
     14854
     14860
     14866
     14872
     14878
     14884
     14890
     14896
     14902
     14909
     14915
     14922
     14928
     14934
     14941
     14948
     14954
     14961
     14967
     14974
     14983
     14991
     15000
     15007
     15013
     15021
     15029
     15036
     15044
     15051
     15058
     15065
     15072
     15078
     15084
     15092
     15099
     15106
     15113
     15120
     15127
     15134
     15141
     15147
     15153
     15159
     15166
     15172
     15178
     15184
     15190
     15196
     15202
     15208
     15214
     15220
     15226
     15232
     15239
     15244
     15249
     15256
     15262
     15269
     15276
     15282
     15289
     15296
     15303
     15312
     15320
     15326
     15332
     15338
     15344
     15350
     15356
     15362
     15369
     15375
     15383
     15389
     15396
     15404
     15410
     15416
     15422
     15429
     15436
     15443
     15449
     15456
     15462
     15468
     15474
     15481
     15488
     15494
     15501
     15509
     15515
     15521
     15527
     15534
     15541
     15547
     15554
     15560
     15566
     15572
     15579
     15585
     15592
     15598
     15604
     15610
     15616
     15622
     15628
     15635
     15642
     15649
     15657
     15664
     15670
     15677
     15684
     15690
     15697
     15704
     15710
     15716
     15722
     15729
     15735
     15742
     15749
     15755
     15761
     15768
     15775
     15781
     15787
     15793
     15799
     15805
     15811
     15817
     15823
     15829
     15834
     15841
     15848
     15855
     15861
     15867
     15874
     15880
     15887
     15894
     15902
     15909
     15916
     15923
     15930
     15937
     15944
     15952
     15959
     15966
     15974
     15981
     15988
     15995
     16002
     16009
     16016
     16023
     16030
     16037
     16044
     16051
     16058
     16064
     16070
     16077
     16083
     16090
     16097
     16105
     16112
     16119
     16127
     16134
     16141
     16148
     16155
     16161
     16168
     16176
     16183
     16189
     16196
     16203
     16211
     16217
     16224
     16232
     16237
     16243
     16251
     16257
     16264
     16270
     16277
     16284
     16291
     16298
     16305
     16312
     16319
     16326
     16333
     16340
     16347
     16354
     16361
     16368
     16375
     16382
     16389
     16396
     16403
     16410
     16416
     16423
     16430
     16437
     16444
     16451
     16458
     16465
     16472
     16479
     16485
     16492
     16499
     16506
     16513
     16520
     16528
     16535
     16542
     16548
     16555
     16562
     16569
     16576
     16582
     16589
     16596
     16604
     16610
     16617
     16625
     16632
     16639
     16646
     16653
     16660
     16667
     16674
     16681
     16687
     16694
     16702
     16709
     16716
     16723
     16730
     16737
     16744
     16750
     16758
     16765
     16772
     16778
     16785
     16792
     16799
     16806
     16815
     16821
     16828
     16836
     16843
     16850
     16857
     16864
     16872
     16879
     16886
     16893
     16900
     16907
     16914
     16921
     16927
     16933
     16939
     16945
     16952
     16958
     16965
     16973
     16980
     16988
     16995
     17002
     17009
     17017
     17024
     17030
     17038
     17046
     17053
     17060
     17067
     17074
     17081
     17088
     17095
     17102
     17108
     17115
     17122
     17129
     17136
     17143
     17150
     17157
     17164
     17170
     17177
     17184
     17191
     17198
     17206
     17214
     17221
     17228
     17235
     17242
     17250
     17257
     17263
     17271
     17278
     17285
     17292
     17300
     17306
     17314
     17321
     17329
     17336
     17343
     17351
     17359
     17368
     17376
     17385
     17392
     17399
     17406
     17413
     17421
     17430
     17438
     17447
     17455
     17464
     17471
     17478
     17484
     17491
     17499
     17506
     17514
     17523
     17531
     17538
     17545
     17554
     17561
     17568
     17577
     17585
     17594
     17602
     17611
     17618
     17626
     17633
     17640
     17647
     17654
     17662
     17670
     17678
     17686
     17693
     17700
     17708
     17716
     17725
     17732
     17740
     17747
     17756
     17763
     17770
     17777
     17784
     17792
     17799
     17806
     17813
     17820
     17827
     17835
     17842
     17849
     17855
     17863
     17870
     17878
     17885
     17892
     17899
     17907
     17915
     17922
     17929
     17935
     17942
     17949
     17956
     17963
     17970
     17978
     17985
     17992
     17999
     18006
     18013
     18020
     18028
     18036
     18046
     18054
     18062
     18070
     18079
     18087
     18094
     18102
     18110
     18120
     18127
     18135
     18142
     18149
     18156
     18163
     18170
     18177
     18185
     18192
     18199
     18206
     18213
     18220
     18227
     18233
     18240
     18248
     18256
     18264
     18271
     18278
     18285
     18292
     18300
     18308
     18316
     18325
     18335
     18344
     18351
     18359
     18367
     18374
     18381
     18389
     18397
     18405
     18413
     18423
     18431
     18439
     18447
     18455
     18462
     18470
     18478
     18487
     18495
     18502
     18510
     18517
     18525
     18533
     18540
     18548
     18556
     18564
     18573
     18581
     18589
     18596
     18605
     18612
     18620
     18628
     18638
     18646
     18653
     18661
     18669
     18676
     18683
     18690
     18698
     18706
     18716
     18724
     18732
     18740
     18747
     18755
     18762
     18770
     18778
     18788
     18796
     18803
     18811
     18818
     18826
     18834
     18841
     18849
     18857
     18865
     18874
     18882
     18890
     18898
     18906
     18913
     18921
     18929
     18937
     18947
     18954
     18962
     18971
     18979
     18987
     18995
     19003
     19011
     19021
     19030
     19038
     19046
     19055
     19062
     19069
     19076
     19083
     19090
     19097
     19103
     19110
     19117
     19124
     19131
     19138
     19145
     19152
     19159
     19166
     19173
     19180
     19187
     19194
     19201
     19207
     19214
     19222
     19229
     19236
     19243
     19250
     19257
     19264
     19271
     19278
     19285
     19292
     19298
     19305
     19312
     19319
     19326
     19333
     19340
     19347
     19354
     19361
     19367
     19374
     19381
     19389
     19396
     19403
     19410
     19417
     19424
     19431
     19438
     19445
     19452
     19459
     19466
     19473
     19480
     19487
     19495
     19502
     19510
     19517
     19524
     19531
     19537
     19544
     19551
     19558
     19565
     19572
     19579
     19586
     19593
     19600
     19607
     19614
     19621
     19627
     19634
     19641
     19648
     19655
     19662
     19669
     19676
     19683
     19690
     19697
     19703
     19710
     19717
     19725
     19732
     19739
     19746
     19753
     19760
     19767
     19774
     19781
     19788
     19795
     19802
     19809
     19816
     19823
     19830
     19837
     19844
     19851
     19858
     19865
     19872
     19878
     19885
     19893
     19900
     19907
     19914
     19921
     19928
     19935
     19942
     19949
     19956
     19963
     19970
     19977
     19984
     19991
     19998
     20005
     20012
     20019
     20026
     20033
     20040
     20047
     20054
     20061
     20068
     20075
     20081
     20088
     20095
     20102
     20109
     20116
     20123
     20130
     20137
     20144
     20151
     20159
     20166
     20173
     20180
     20187
     20194
     20201
     20208
     20215
     20222
     20230
     20237
     20244
     20251
     20258
     20265
     20272
     20279
     20285
     20292
     20299
     20306
     20313
     20320
     20327
     20334
     20341
     20348
     20355
     20362
     20369
     20376
     20383
     20390
     20397
     20404
     20411
     20418
     20425
     20432
     20439
     20446
     20453
     20460
     20466
     20472
     20478
     20486
     20493
     20500
     20507
     20514
     20521
     20528
     20535
     20542
     20549
     20556
     20563
     20570
     20577
     20584
     20591
     20598
     20605
     20612
     20619
     20626
     20633
     20639
     20645
     20652
     20659
     20666
     20673
     20680
     20687
     20694
     20701
     20708
     20715
     20722
     20729
     20736
     20743
     20749
     20756
     20763
     20770
     20777
     20784
     20791
     20798
     20805
     20812
     20819
     20826
     20833
     20840
     20847
     20854
     20861
     20868
     20875
     20882
     20889
     20896
     20903
     20910
     20917
     20924
     20931
     20938
     20945
     20951
     20958
     20964
     20971
     20978
     20986
     20993
     21000
     21006
     21013
     21020
     21027
     21034
     21041
     21048
     21056
     21063
     21070
     21077
     21084
     21091
     21098
     21105
     21113
     21119
     21126
     21133
     21140
     21148
     21155
     21162
     21169
     21175
     21182
     21189
     21196
     21203
     21210
     21217
     21224
     21231
     21238
     21245
     21252
     21259
     21265
     21272
     21279
     21286
     21293
     21300
     21307
     21314
     21322
     21329
     21336
     21343
     21350
     21357
     21364
     21371
     21379
     21386
     21393
     21400
     21407
     21414
     21421
     21428
     21435
     21441
     21448
     21455
     21462
     21469
     21476
     21483
     21490
     21496
     21503
     21510
     21516
     21524
     21531
     21538
     21546
     21554
     21562
     21569
     21576
     21584
     21592
     21599
     21606
     21613
     21620
     21627
     21634
     21642
     21650
     21658
     21666
     21672
     21679
     21686
     21693
     21700
     21707
     21713
     21719
     21725
     21731
     21738
     21744
     21751
     21757
     21763
     21769
     21775
     21782
     21788
     21794
     21801
     21807
     21814
     21820
     21826
     21833
     21839
     21845
     21852
     21858
     21864
     21870
     21876
     21883
     21890
     21897
     21903
     21910
     21916
     21922
     21928
     21934
     21940
     21947
     21954
     21960
     21967
     21974
     21980
     21987
     21994
     22001
     22008
     22015
     22022
     22029
     22035
     22041
     22047
     22053
     22059
     22065
     22072
     22080
     22087
     22093
     22099
     22106
     22113
     22119
     22125
     22132
     22139
     22146
     22152
     22159
     22166
     22173
     22180
     22187
     22195
     22203
     22210
     22217
     22224
     22231
     22238
     22245
     22252
     22258
     22264
     22271
     22277
     22283
     22290
     22297
     22303
     22309
     22315
     22321
     22327
     22333
     22339
     22345
     22351
     22357
     22364
     22370
     22376
     22383
     22389
     22395
     22402
     22408
     22415
     22421
     22427
     22433
     22439
     22446
     22453
     22459
     22465
     22471
     22478
     22484
     22490
     22497
     22504
     22510
     22516
     22522
     22528
     22534
     22541
     22547
     22553
     22561
     22568
     22574
     22580
     22586
     22592
     22599
     22605
     22612
     22620
     22626
     22633
     22640
     22647
     22654
     22661
     22668
     22675
     22682
     22690
     22697
     22704
     22710
     22717
     22725
     22732
     22739
     22746
     22753
     22761
     22769
     22776
     22784
     22790
     22797
     22805
     22813
     22819
     22826
     22833
     22840
     22847
     22854
     22861
     22869
     22876
     22884
     22891
     22898
     22905
     22912
     22919
     22927
     22935
     22942
     22949
     22957
     22963
     22970
     22977
     22984
     22990
     22997
     23003
     23011
     23019
     23026
     23033
     23040
     23048
     23056
     23063
     23071
     23079
     23087
     23095
     23103
     23110
     23117
     23123
     23130
     23137
     23144
     23152
     23159
     23167
     23174
     23182
     23190
     23197
     23204
     23212
     23220
     23227
     23234
     23241
     23248
     23255
     23261
     23268
     23275
     23282
     23289
     23296
     23303
     23310
     23317
     23324
     23331
     23338
     23346
     23353
     23360
     23366
     23373
     23379
     23387
     23393
     23400
     23407
     23414
     23421
     23428
     23435
     23441
     23448
     23455
     23462
     23470
     23477
     23484
     23491
     23498
     23505
     23512
     23519
     23526
     23533
     23540
     23547
     23554
     23561
     23567
     23573
     23580
     23587
     23593
     23600
     23607
     23614
     23621
     23628
     23634
     23642
     23648
     23654
     23661
     23668
     23675
     23682
     23689
     23696
     23703
     23711
     23718
     23725
     23732
     23738
     23745
     23752
     23759
     23766
     23773
     23780
     23787
     23794
     23802
     23809
     23817
     23825
     23832
     23840
     23846
     23853
     23860
     23867
     23875
     23882
     23889
     23897
     23904
     23911
     23918
     23925
     23932
     23939
     23946
     23953
     23960
     23967
     23973
     23979
     23986
     23992
     23998
     24004
     24010
     24018
     24025
     24032
     24038
     24044
     24050
     24056
     24063
     24070
     24077
     24084
     24091
     24097
     24103
     24109
     24115
     24121
     24127
     24133
     24139
     24146
     24152
     24160
     24166
     24173
     24180
     24187
     24193
     24200
     24207
     24215
     24222
     24229
     24236
     24243
     24250
     24257
     24264
     24271
     24278
     24286
     24292
     24300
     24308
     24315
     24322
     24329
     24336
     24343
     24349
     24355
     24361
     24367
     24373
     24379
     24386
     24392
     24399
     24406
     24412
     24418
     24424
     24432
     24439
     24446
     24452
     24459
     24466
     24473
     24479
     24486
     24492
     24499
     24506
     24512
     24518
     24525
     24531
     24538
     24546
     24554
     24561
     24567
     24574
     24582
     24589
     24596
     24603
     24610
     24617
     24625
     24632
     24639
     24645
     24651
     24658
     24665
     24672
     24679
     24685
     24692
     24698
     24704
     24710
     24716
     24723
     24730
     24737
     24743
     24749
     24755
     24761
     24767
     24773
     24780
     24786
     24792
     24799
     24805
     24811
     24819
     24827
     24835
     24842
     24849
     24857
     24863
     24870
     24877
     24884
     24891
     24898
     24904
     24911
     24917
     24923
     24929
     24936
     24943
     24949
     24955
     24962
     24969
     24977
     24985
     24992
     24999
     25006
     25013
     25020
     25027
     25034
     25040
     25046
     25052
     25058
     25064
     25070
     25076
     25082
     25089
     25095
     25102
     25108
     25114
     25121
     25127
     25134
     25140
     25149
     25157
     25166
     25173
     25179
     25187
     25195
     25203
     25210
     25217
     25224
     25231
     25237
     25244
     25250
     25258
     25265
     25272
     25279
     25286
     25293
     25300
     25306
     25312
     25318
     25325
     25331
     25338
     25344
     25350
     25356
     25363
     25369
     25376
     25382
     25389
     25394
     25399
     25405
     25412
     25419
     25426
     25432
     25439
     25446
     25453
     25460
     25469
     25477
     25483
     25489
     25495
     25501
     25507
     25513
     25519
     25526
     25532
     25540
     25547
     25554
     25562
     25568
     25574
     25580
     25587
     25594
     25600
     25607
     25613
     25620
     25626
     25632
     25638
     25645
     25651
     25658
     25666
     25672
     25678
     25685
     25692
     25698
     25704
     25711
     25717
     25723
     25730
     25736
     25743
     25749
     25755
     25761
     25767
     25773
     25780
     25787
     25794
     25802
     25809
     25815
     25822
     25828
     25835
     25841
     25847
     25854
     25860
     25867
     25874
     25880
     25886
     25893
     25900
     25906
     25912
     25918
     25924
     25930
     25936
     25942
     25949
     25955
     25961
     25967
     25973
     25978
     25985
     25992
     25999
     26006
     26012
     26018
     26025
     26032
     26038
     26044
     26050
     26057
     26063
     26069
     26076
     26082
     26089
     26096
     26103
     26110
     26117
     26124
     26131
     26138
     26146
     26153
     26160
     26166
     26172
     26178
     26184
     26190
     26196
     26202
     26208
     26215
     26222
     26228
     26234
     26241
     26248
     26255
     26262
     26268
     26274
     26281
     26288
     26295
     26302
     26308
     26314
     26320
     26326
     26333
     26339
     26346
     26352
     26360
     26368
     26374
     26381
     26387
     26393
     26400
     26406
     26412
     26419
     26426
     26432
     26439
     26446
     26452
     26458
     26464
     26470
     26476
     26483
     26490
     26497
     26503
     26509
     26515
     26523
     26530
     26536
     26542
     26548
     26555
     26562
     26568
     26574
     26580
     26587
     26594
     26601
     26608
     26615
     26621
     26627
     26634
     26641
     26648
     26654
     26661
     26667
     26674
     26682
     26689
     26696
     26703
     26710
     26716
     26723
     26730
     26737
     26744
     26751
     26757
     26764
     26771
     26778
     26784
     26791
     26798
     26805
     26811
     26818
     26825
     26831
     26838
     26845
     26852
     26858
     26864
     26871
     26877
     26884
     26891
     26897
     26903
     26910
     26916
     26923
     26930
     26938
     26944
     26951
     26958
     26965
     26972
     26979
     26986
     26993
     27000
     27006
     27012
     27018
     27026
     27032
     27038
     27044
     27050
     27056
     27063
     27069
     27075
     27081
     27089
     27095
     27101
     27107
     27113
     27119
     27125
     27132
     27139
     27145
     27152
     27158
     27165
     27172
     27179
     27186
     27193
     27200
     27207
     27215
     27223
     27230
     27238
     27246
     27254
     27262
     27268
     27276
     27284
     27292
     27300
     27308
     27316
     27323
     27330
     27338
     27345
     27353
     27361
     27369
     27377
     27385
     27393
     27401
     27409
     27417
     27425
     27433
     27441
     27449
     27457
     27465
     27471
     27479
     27487
     27495
     27503
     27511
     27519
     27527
     27535
     27543
     27551
     27559
     27566
     27573
     27581
     27589
     27597
     27604
     27611
     27619
     27627
     27635
     27643
     27651
     27658
     27665
     27674
     27683
     27689
     27696
     27703
     27711
     27718
     27726
     27732
     27739
     27748
     27757
     27765
     27773
     27780
     27786
     27793
     27799
     27806
     27813
     27819
     27825
     27833
     27841
     27849
     27855
     27863
     27871
     27878
     27884
     27891
     27899
     27907
     27914
     27921
     27927
     27933
     27941
     27948
     27956
     27964
     27973
     27981
     27989
     27997
     28005
     28013
     28019
     28025
     28032
     28038
     28044
     28051
     28057
     28063
     28069
     28075
     28081
     28088
     28094
     28100
     28106
     28112
     28118
     28124
     28130
     28136
     28142
     28148
     28155
     28162
     28169
     28174
     28180
     28187
     28193
     28198
     28204
     28210
     28216
     28223
     28230
     28236
     28242
     28249
     28256
     28262
     28268
     28274
     28280
     28286
     28293
     28299
     28305
     28313
     28320
     28327
     28334
     28341
     28348
     28354
     28362
     28369
     28376
     28382
     28388
     28394
     28400
     28406
     28412
     28418
     28424
     28430
     28436
     28442
     28449
     28455
     28461
     28467
     28473
     28479
     28485
     28491
     28498
     28505
     28512
     28519
     28524
     28530
     28537
     28542
     28549
     28555
     28560
     28568
     28574
     28581
     28588
     28594
     28600
     28606
     28613
     28619
     28625
     28632
     28638
     28645
     28652
     28659
     28666
     28673
     28680
     28687
     28694
     28702
     28709
     28716
     28722
     28728
     28734
     28740
     28746
     28752
     28758
     28764
     28771
     28778
     28784
     28790
     28797
     28804
     28811
     28818
     28824
     28830
     28837
     28844
     28851
     28858
     28864
     28870
     28876
     28882
     28889
     28895
     28902
     28908
     28916
     28924
     28930
     28937
     28943
     28949
     28956
     28962
     28968
     28975
     28982
     28988
     28995
     29002
     29008
     29014
     29020
     29026
     29032
     29039
     29046
     29053
     29059
     29065
     29071
     29079
     29086
     29092
     29098
     29104
     29111
     29118
     29124
     29130
     29136
     29143
     29150
     29157
     29164
     29171
     29177
     29183
     29190
     29197
     29204
     29210
     29217
     29223
     29230
     29238
     29245
     29252
     29259
     29266
     29272
     29279
     29286
     29293
     29300
     29307
     29313
     29320
     29327
     29334
     29340
     29347
     29354
     29361
     29367
     29374
     29381
     29387
     29394
     29401
     29408
     29414
     29420
     29427
     29433
     29440
     29447
     29453
     29459
     29466
     29472
     29479
     29486
     29494
     29500
     29507
     29514
     29521
     29528
     29535
     29542
     29549
     29556
     29562
     29568
     29574
     29582
     29588
     29594
     29600
     29606
     29612
     29619
     29625
     29631
     29637
     29645
     29651
     29657
     29663
     29669
     29675
     29681
     29688
     29695
     29701
     29708
     29714
     29721
     29728
     29735
     29742
     29749
     29756
     29763
     29771
     29779
     29786
     29794
     29802
     29810
     29818
     29824
     29832
     29840
     29848
     29856
     29864
     29872
     29879
     29886
     29894
     29901
     29909
     29917
     29925
     29933
     29941
     29949
     29957
     29965
     29973
     29981
     29989
     29997
     30005
     30013
     30021
     30027
     30035
     30043
     30051
     30059
     30067
     30075
     30083
     30091
     30099
     30107
     30115
     30122
     30129
     30137
     30145
     30153
     30160
     30167
     30175
     30183
     30191
     30199
     30207
     30214
     30221
     30230
     30239
     30245
     30252
     30259
     30267
     30274
     30282
     30288
     30295
     30304
     30313
     30321
     30329
     30336
     30342
     30349
     30355
     30362
     30369
     30375
     30381
     30389
     30397
     30405
     30411
     30419
     30427
     30434
     30440
     30447
     30455
     30463
     30470
     30477
     30483
     30489
     30497
     30504
     30512
     30520
     30529
     30537
     30545
     30553
     30561
     30569
     30575
     30581
     30588
     30594
     30600
     30607
     30613
     30619
     30625
     30631
     30637
     30644
     30650
     30656
     30662
     30668
     30674
     30680
     30686
     30692
     30698
     30704
     30711
     30718
     30725
     30730
     30736
     30743
     30749
     30754
     30760
     30766
     30772
     30779
     30786
     30792
     30798
     30805
     30812
     30818
     30824
     30830
     30836
     30842
     30849
     30855
     30861
     30869
     30876
     30883
     30890
     30897
     30904
     30910
     30918
     30925
     30932
     30938
     30944
     30950
     30956
     30962
     30968
     30974
     30980
     30986
     30992
     30998
     31005
     31011
     31017
     31023
     31029
     31035
     31041
     31047
     31054
     31061
     31068
     31075
     31080
     31086
     31093
     31098
     31105
     31111
     31116
     31124
     31130
     31136
     31143
     31149
     31156
     31162
     31169
     31176
     31183
     31190
     31197
     31204
     31211
     31218
     31225
     31232
     31239
     31246
     31253
     31260
     31267
     31274
     31281
     31288
     31294
     31301
     31308
     31315
     31322
     31329
     31336
     31343
     31350
     31357
     31363
     31370
     31377
     31384
     31390
     31397
     31404
     31411
     31419
     31427
     31433
     31440
     31447
     31453
     31461
     31468
     31476
     31483
     31490
     31497
     31504
     31511
     31518
     31525
     31532
     31539
     31546
     31553
     31560
     31568
     31575
     31582
     31589
     31595
     31601
     31608
     31614
     31621
     31628
     31636
     31642
     31649
     31655
     31661
     31667
     31674
     31680
     31687
     31695
     31702
     31709
     31715
     31721
     31729
     31735
     31741
     31746
     31754
     31761
     31766
     31775
