NODES: 45
MATERIALS: 1
THICKNESSES: 1
ELEMENTS_T3: 60
ELEMENTS_T6: 0
ELEMENTS_T10: 0                 
FORCES: 1
PRESSURES: 0
DISPLACEMENTS: 2

NODE X Y
1 -2.50000000 -0.50000000
2 -2.08333333 -0.50000000
3 -1.66666667 -0.50000000
4 -1.25000000 -0.50000000
5 -0.83333333 -0.50000000
6 -0.41666667 -0.50000000
7 0.00000000 -0.50000000
8 0.41666667 -0.50000000
9 0.83333333 -0.50000000
10 1.25000000 -0.50000000
11 1.66666667 -0.50000000
12 2.08333333 -0.50000000
13 2.50000000 -0.50000000
14 2.50000000 0.00000000
15 2.50000000 0.50000000
16 2.08333333 0.50000000
17 1.66666667 0.50000000
18 1.25000000 0.50000000
19 0.83333333 0.50000000
20 0.41666667 0.50000000
21 0.00000000 0.50000000
22 -0.41666667 0.50000000
23 -0.83333333 0.50000000
24 -1.25000000 0.50000000
25 -1.66666667 0.50000000
26 -2.08333333 0.50000000
27 -2.50000000 0.50000000
28 -2.50000000 0.00000000
29 -1.87500000 -0.00000000
30 -1.04166667 0.00000000
31 -0.20833333 -0.00000000
32 0.62500000 -0.00000000
33 1.87500000 -0.00000000
34 -0.62500000 -0.11979167
35 -1.45833333 0.11979167
36 0.20833333 -0.11979167
37 1.04166667 -0.11979167
38 1.45833333 0.11979167
39 -0.62500000 0.22511817
40 -1.45833333 -0.22511817
41 0.20833333 0.22511817
42 1.04166667 0.22511817
43 1.45833333 -0.22511817
44 -2.18750000 0.16319444
45 2.18750000 -0.16319444

MAT. YOUNG M. POISSON C. DENSITY
1 1000.00 0.00 0.00

THICK. VALUE
1 1.00

ELEM.T3 NODES MAT. THICK.
1 1 2 28 1 1
2 38 42 37 1 1
3 32 42 19 1 1
4 2 3 29 1 1
5 4 5 30 1 1
6 31 41 21 1 1
7 6 7 31 1 1
8 30 40 4 1 1
9 29 40 35 1 1
10 5 34 30 1 1
11 32 41 36 1 1
12 40 3 4 1 1
13 44 27 28 1 1
14 29 44 2 1 1
15 5 6 34 1 1
16 44 29 26 1 1
17 7 8 36 1 1
18 29 25 26 1 1
19 8 9 32 1 1
20 30 23 24 1 1
21 35 30 24 1 1
22 22 23 39 1 1
23 34 39 30 1 1
24 24 25 35 1 1
25 21 22 31 1 1
26 30 35 40 1 1
27 20 21 41 1 1
28 30 39 23 1 1
29 37 10 43 1 1
30 37 32 9 1 1
31 38 17 18 1 1
32 19 42 18 1 1
33 14 45 13 1 1
34 32 20 41 1 1
35 10 11 43 1 1
36 43 33 38 1 1
37 42 38 18 1 1
38 45 16 33 1 1
39 11 12 33 1 1
40 41 31 36 1 1
41 20 32 19 1 1
42 33 12 45 1 1
43 31 22 39 1 1
44 17 38 33 1 1
45 40 29 3 1 1
46 15 16 14 1 1
47 33 16 17 1 1
48 25 29 35 1 1
49 42 32 37 1 1
50 6 31 34 1 1
51 8 32 36 1 1
52 36 31 7 1 1
53 31 39 34 1 1
54 9 10 37 1 1
55 33 43 11 1 1
56 37 43 38 1 1
57 27 44 26 1 1
58 2 44 28 1 1
59 13 45 12 1 1
60 16 45 14 1 1

FORCE NODE FX FY
1 15 0.00 -10.00

DISP. NODE DOF VALUE
1 27 'BOTH' 0.00
2 1 'BOTH' 0.00

